1025579,3,4
712664,3,5
1331154,3,4
2632461,3,3
44937,3,5
656399,3,4
439011,3,1
1436762,3,3
1644750,3,3
2031561,3,4
616720,3,4
2467008,3,4
975874,3,5
701730,3,2
1614320,3,4
115498,3,3
931626,3,2
699878,3,4
1694958,3,3
66414,3,5
2519847,3,5
948069,3,3
67315,3,4
704249,3,4
454417,3,4
1995318,3,3
2158448,3,5
574843,3,5
714960,3,4
620771,3,2
253876,3,4
1632700,3,4
603277,3,3
79160,3,4
1859725,3,4
283774,3,5
1983667,3,2
2267507,3,4
1813349,3,4
2424721,3,3
1275804,3,4
1204327,3,4
2143489,3,1
672980,3,5
166100,3,4
2031561,6,1
1176140,6,1
2336133,6,2
1521836,6,1
117277,6,3
326587,6,3
1961542,6,3
1041552,6,3
1678346,6,3
643182,6,2
2182301,6,5
2502669,6,2
2211030,6,4
603277,6,3
214166,6,2
1723799,6,3
161893,6,4
2149668,6,5
575830,6,2
2173816,6,3
1571675,6,2
516082,6,4
551817,6,1
352622,6,3
369215,6,3
922922,6,4
1342387,6,2
2445916,6,5
1857979,6,4
468582,6,4
2541025,6,5
266808,6,2
1478381,6,3
754135,6,5
635607,6,5
1083500,6,2
507921,6,2
1844503,6,4
1827995,6,4
1890622,6,3
2181957,6,1
2554745,6,3
1794933,6,2
1016977,6,4
1659731,6,5
824097,8,2
2630686,8,5
644003,8,3
785314,8,1
243963,8,3
229220,8,4
1447783,8,4
2580478,8,4
2599087,8,3
2352464,8,5
1912665,8,1
588844,8,5
816064,8,5
1744889,8,1
1216014,8,1
1729814,8,5
2289614,8,3
1777904,8,4
1479492,8,1
2460625,8,3
2043316,8,5
2330282,8,4
2098867,8,4
1395430,8,2
1754013,8,3
56069,8,5
1913324,8,2
1419837,8,5
1571931,8,3
1505897,8,5
147748,8,5
1214457,8,1
110112,8,3
2153146,8,4
1395557,8,5
1833399,8,3
1492345,8,5
581894,8,3
66358,8,3
512852,8,3
1191521,8,4
439011,8,4
963134,8,5
1295693,8,5
1456155,8,3
1488844,1,3
822109,1,5
885013,1,4
30878,1,4
823519,1,3
893988,1,3
124105,1,4
1248029,1,3
1842128,1,4
2238063,1,3
1503895,1,4
2207774,1,5
2590061,1,3
2442,1,3
543865,1,4
1209119,1,4
804919,1,4
1086807,1,3
1711859,1,4
372233,1,5
1080361,1,3
1245640,1,3
558634,1,4
2165002,1,4
1181550,1,3
1227322,1,4
427928,1,4
814701,1,5
808731,1,4
662870,1,5
337541,1,5
786312,1,3
1133214,1,4
1537427,1,4
1209954,1,5
2381599,1,3
525356,1,2
1910569,1,4
2263586,1,4
2421815,1,2
1009622,1,1
1481961,1,2
401047,1,4
2179073,1,3
1434636,1,3
1745265,5,5
885013,5,5
1997470,5,5
30878,5,1
840543,5,4
2477414,5,5
1409354,5,3
589967,5,4
264160,5,5
2084362,5,4
1881496,5,3
240705,5,5
1650301,5,2
1815614,5,1
1454357,5,4
624145,5,3
1310327,5,4
2012897,5,5
17063,5,5
47411,5,5
966474,5,5
1985633,5,4
47195,5,5
2365827,5,5
2451669,5,4
378377,5,3
2029786,5,4
2183726,5,4
36818,5,5
1247469,5,5
729471,5,4
2371776,5,3
1903571,5,5
1422810,5,4
2101722,5,4
2187025,5,2
122846,5,5
167540,5,1
1518964,5,3
154819,5,3
161395,5,4
2083234,5,5
1083500,5,4
119496,5,5
440789,5,4
1109700,82,4
145212,82,3
1977959,82,3
1919026,82,3
1227322,82,1
1307897,82,2
1673185,82,3
2129174,82,3
1265763,82,4
2059967,82,3
202667,82,4
795530,82,3
1314869,82,1
1792741,82,4
1439500,82,2
2060352,82,3
2608615,82,5
1306845,82,5
2439493,82,1
1033053,82,3
1522645,82,3
284829,82,4
425908,82,4
8043,82,4
1987569,82,2
888291,82,4
2549238,82,3
238740,82,2
753555,82,5
538221,82,4
1553204,82,3
2055615,82,3
1836230,82,4
1521657,82,2
1074603,82,2
1022629,82,1
956943,82,5
1242529,82,1
1315827,82,3
1374216,82,1
1611056,82,3
365944,82,4
1419757,82,3
2283320,82,3
1266847,82,3
2625420,100,1
1199825,100,3
2085613,100,2
2215923,100,2
1731066,100,5
1563429,100,1
2489923,100,5
24373,100,3
387341,100,3
989483,100,3
2439493,100,1
2054694,100,3
1566617,100,3
686079,100,2
1298291,100,3
1828803,100,2
827427,100,1
637343,100,5
1650181,100,2
767958,100,1
2598906,100,2
2083367,100,3
858454,100,3
290716,100,3
1664010,100,3
1095791,100,1
2066932,100,4
2307303,100,2
592416,100,2
71594,100,1
1569109,100,2
507498,100,4
1411392,100,4
1353529,100,4
491531,100,2
1118268,100,4
180392,100,2
2563095,100,2
2606799,100,3
1367651,100,4
798296,100,1
1613086,100,5
2200741,100,4
1619179,100,3
1488171,100,3
140274,13,5
2171849,13,5
776067,13,4
1312746,13,3
2183726,13,3
1484808,13,5
567159,13,5
1079206,13,5
1848557,13,4
1168738,13,5
1835276,13,5
1195319,13,5
1801389,13,5
1316174,13,4
144543,13,4
1047985,13,5
1031567,13,5
1744054,13,5
1526236,13,3
667730,13,5
2349173,13,4
1314869,13,5
1076545,13,5
2414026,13,5
80843,13,5
2131832,13,5
2432482,13,5
2127049,13,5
2340654,13,5
2189806,13,5
1232194,13,5
1902302,13,5
1045336,13,4
1572057,13,5
1692631,13,5
101277,13,5
2513009,13,4
2232338,13,5
2273952,13,5
1287571,13,4
1386253,13,4
2291741,13,4
407560,13,5
1714672,13,5
277072,13,5
1943087,78,3
712664,78,1
1907667,78,5
1966165,78,3
1583391,78,3
2480084,78,4
1987434,78,1
1567328,78,2
951709,78,3
1794216,78,2
2400678,78,4
998229,78,3
2641857,78,3
1331887,78,3
1276913,78,5
1663216,78,1
1174530,78,4
1488957,78,4
1319997,78,3
1936617,78,3
2238860,78,5
1447354,78,2
1980082,78,1
617782,78,5
1948839,78,3
754082,78,3
1645486,78,1
2285616,78,3
247794,78,1
1350497,78,2
180151,78,1
660580,78,2
2370740,78,2
1657077,78,3
2218269,78,5
513841,78,3
1174811,78,1
2328558,78,5
307910,78,5
2235716,78,2
1355247,78,5
1120091,78,4
2065726,78,4
1419003,78,3
2351571,78,4
844736,38,5
2429465,38,1
1420990,38,2
2367490,38,3
1678346,38,3
1038795,38,2
2309150,38,1
2625420,38,4
1508073,38,5
2168171,38,2
1192830,38,2
1821073,38,2
606684,38,1
2459804,38,1
2579794,38,2
1146509,38,1
2304864,38,3
1061246,38,2
1707414,38,3
2542972,38,5
2455524,38,2
206809,38,2
2109332,38,3
2250613,38,3
1744125,38,3
1445871,38,3
2434480,38,1
1495055,38,2
1641999,38,1
416556,38,1
1858921,38,2
308618,38,2
962533,38,1
1751359,38,2
877775,38,1
1291226,38,2
947134,38,1
1280524,38,2
1488035,38,1
1624961,38,2
641016,38,3
1360410,38,1
157146,38,4
183476,38,3
1364085,38,3
1436762,42,3
1608985,42,2
2298339,42,2
931782,42,2
1986819,42,1
1888170,42,1
1761255,42,2
1985755,42,5
2443756,42,3
2268573,42,1
1553054,42,4
2604824,42,2
1338852,42,1
1559022,42,4
1001129,42,2
425044,42,4
789969,42,3
1322807,42,3
2418707,42,2
961578,42,3
2171841,42,2
1123276,42,2
1551517,42,2
2320264,42,3
2439493,42,1
1427279,42,2
2468097,42,3
2592598,42,2
2308224,42,3
559221,42,3
2540808,42,2
2128440,42,2
75549,42,2
2450433,42,2
2198070,42,3
1431160,42,2
1217641,42,3
736562,42,3
1924236,42,3
493009,42,3
1330901,42,2
105221,42,3
890937,42,1
382913,42,1
2513650,42,2
1265764,80,1
1488844,80,3
1109700,80,4
652121,80,3
138873,80,3
1488298,80,3
1977959,80,3
2173816,80,2
2491085,80,2
2502155,80,3
427561,80,3
2343652,80,2
2245549,80,5
1297367,80,1
578525,80,4
2046765,80,2
1906860,80,4
44266,80,4
783808,80,3
556141,80,4
2409550,80,2
1764820,80,3
2164942,80,1
1001129,80,2
1607574,80,2
2538880,80,4
1941915,80,4
1582182,80,1
478176,80,4
1026380,80,3
2191732,80,3
1788346,80,2
266172,80,3
368514,80,3
1755550,80,3
1319657,80,2
2065106,80,3
2176223,80,4
2111183,80,2
1166912,80,2
1475986,80,1
2608615,80,4
664203,80,5
765129,80,4
1970006,80,3
1512138,23,5
989704,23,1
1129423,23,3
2625420,23,2
2343417,23,5
1000457,23,5
1206421,23,4
2030896,23,4
759345,23,4
449337,23,3
1736960,23,5
1497056,23,4
1740618,23,3
2073853,23,3
1641247,23,4
2496012,23,3
520854,23,5
335572,23,4
2165853,23,4
1224299,23,4
1514348,23,3
1530995,23,1
2374670,23,5
772005,23,5
491331,23,3
1299281,23,3
427928,23,3
1453384,23,5
1866585,23,3
1080872,23,5
2176766,23,2
897692,23,5
2343908,23,3
1190429,23,2
1504131,23,4
2441465,23,4
658069,23,5
2119007,23,3
1910569,23,4
804627,23,3
311641,23,3
2266083,23,4
1564058,23,4
1161725,23,1
963677,23,4
2003092,71,4
907840,71,5
862759,71,2
419998,71,4
903561,71,3
2098867,71,5
1464366,71,4
2519847,71,5
215739,71,3
1623132,71,2
2322774,71,3
966375,71,4
1254097,71,4
2568270,71,5
2064195,71,4
1859725,71,4
2482518,71,4
2506132,71,4
2182301,71,5
2625420,71,2
1440127,71,4
2050555,71,4
2239227,71,2
1750434,71,4
1066259,71,5
2518523,71,4
900977,71,3
2312349,71,5
252207,71,3
1620735,71,5
2637831,71,3
1771545,71,3
1368985,71,4
716211,71,5
2266119,71,4
2173816,71,3
778929,71,4
1634168,71,3
593372,71,2
339487,71,5
375973,71,4
2297863,71,4
1091730,71,3
1774637,71,4
2446445,71,3
2431286,68,5
1081716,68,5
1329923,68,5
2193455,68,3
1191521,68,5
876388,68,3
1700914,68,1
2628220,68,5
1522126,68,5
1829387,68,4
1783996,68,5
2468443,68,1
1567095,68,5
687835,68,4
2209044,68,5
2325737,68,4
116582,68,5
914508,68,5
581843,68,5
2609870,68,1
180200,68,4
2587481,68,5
2625420,68,2
1676703,68,3
1709606,68,1
720366,68,5
1686766,68,5
1650301,68,3
2163807,68,3
1436407,68,5
724592,68,2
2106423,68,4
2231930,68,5
1397552,68,3
2152580,68,5
1981733,68,4
353820,68,4
957447,68,5
1672826,68,5
1135846,68,5
1160251,68,3
416956,68,5
301577,68,4
1131316,68,5
787938,68,4
2241806,63,4
41412,63,4
1058950,63,4
1850680,63,1
574843,63,2
2625420,63,2
2260788,63,2
1951144,63,2
389078,63,1
2043617,63,4
1919026,63,2
1224299,63,3
1673185,63,3
2602249,63,3
346689,63,5
1466762,63,5
1312864,63,5
1265763,63,4
2119337,63,4
1927580,63,2
202667,63,3
2107665,63,4
704642,63,2
697456,63,2
259497,63,3
284143,63,4
2316604,63,4
1792741,63,3
1613617,63,3
2100574,63,1
1342785,63,4
1306845,63,4
2608615,63,4
2439493,63,1
1028350,63,3
238740,63,3
753555,63,5
831494,63,3
492714,63,3
1549716,63,3
1939431,63,3
1959185,63,4
1928290,63,3
633722,63,4
1548625,63,5
1732628,49,5
1053359,49,4
1657359,49,4
2609870,49,1
2640864,49,4
252468,49,4
2173816,49,3
688700,49,4
1819123,49,5
1147281,49,3
782444,49,1
1167579,49,5
1304402,49,3
2447529,49,5
1623353,49,3
982864,49,3
525356,49,2
787569,49,4
1338824,49,2
2616306,49,4
1434636,49,2
2471090,49,4
493940,49,1
1912356,49,5
1111748,49,1
925762,49,4
585714,49,5
1284360,49,1
946840,49,5
2070348,49,4
2173131,49,5
2252336,49,2
1990316,49,5
1655311,49,3
71020,49,5
608933,49,3
2531593,49,4
1748471,49,4
1379300,49,5
1479354,49,3
1792741,49,1
986982,49,5
2220239,49,4
1645328,49,5
2341502,49,4
699878,10,2
2625420,10,2
1874659,10,5
2541025,10,3
1478381,10,3
2606540,10,4
308618,10,4
741740,10,4
2213289,10,3
1380479,10,5
174683,10,5
1716229,10,3
1332388,10,3
57515,10,3
616350,10,4
1311409,10,4
724050,10,2
1094517,10,4
1743030,10,3
1009622,10,2
2598295,10,2
2539763,10,3
2352327,10,5
108484,10,3
832048,10,3
688590,10,3
2277519,10,4
1473206,10,4
1448808,10,4
1388266,10,4
664105,10,3
1193792,10,2
727242,10,1
2294328,10,4
1521266,10,3
1447366,10,4
2266017,10,1
1567630,10,4
1164435,10,3
2170930,10,1
2196595,10,5
1792741,10,3
2275545,10,3
968759,10,3
2476624,10,3
1624421,90,3
1056998,90,5
1109700,90,4
2380973,90,4
906893,90,1
76196,90,3
1502843,90,5
2648502,90,5
1998117,90,3
1021746,90,3
1951144,90,3
1977959,90,2
1984086,90,5
2413733,90,4
257592,90,4
683427,90,3
1745845,90,2
2217731,90,4
786415,90,4
1451137,90,3
2043617,90,3
1629710,90,3
248039,90,3
303948,90,4
2030523,90,5
1808930,90,2
1030733,90,5
1343332,90,5
1673185,90,3
1176000,90,2
875559,90,4
986633,90,5
1491583,90,3
1220170,90,4
1938835,90,4
2154704,90,3
1027819,90,2
1843132,90,2
582662,90,4
981555,90,4
587812,90,3
1036139,90,5
2577231,90,4
2115297,90,4
484675,90,3
844736,39,3
273292,39,2
2387785,39,3
1323065,39,1
1485922,39,3
1005101,39,3
2309150,39,3
1873366,39,2
2041953,39,2
1678346,39,2
2378560,39,2
2168171,39,3
1508073,39,1
471569,39,3
2477173,39,3
219214,39,2
1188093,39,3
2278321,39,2
2459804,39,1
531398,39,3
206809,39,2
1300429,39,1
1956586,39,3
952810,39,1
2542972,39,3
2483471,39,1
1445871,39,1
2250613,39,3
2455524,39,3
2434480,39,3
692485,39,4
2646060,39,2
1858921,39,3
382281,39,3
2290519,39,3
14358,39,3
1730571,39,4
962533,39,2
2155945,39,1
947134,39,3
1489561,39,2
2590630,39,3
635154,39,2
2623268,39,3
1346301,39,1
2482233,56,5
2618229,56,5
2467008,56,4
1277134,56,3
2163521,56,4
147748,56,4
868186,56,5
716091,56,3
1205593,56,5
573364,56,3
2029131,56,4
698478,56,5
2630970,56,4
1892661,56,5
1221295,56,3
1355110,56,3
1005101,56,2
2568270,56,4
148010,56,5
652121,56,4
1051186,56,5
311271,56,4
955916,56,3
1347749,56,3
986767,56,3
1480030,56,2
1861514,56,4
2108177,56,5
24344,56,4
471569,56,3
2164671,56,4
1537477,56,4
2127173,56,4
2242958,56,3
1840062,56,4
503571,56,4
1420822,56,5
1759189,56,3
1424098,56,5
2179629,56,2
1445871,56,3
1127414,56,4
1227576,56,4
1985633,56,3
2557246,56,3
1527030,47,3
1990901,47,4
2439005,47,4
1331887,47,3
1744889,47,4
304789,47,3
779760,47,4
1294425,47,1
2007993,47,4
1242432,47,5
1109700,47,4
1296163,47,3
716091,47,4
823613,47,4
1056998,47,4
573364,47,3
1401310,47,5
1780909,47,3
14690,47,4
247794,47,2
568620,47,4
2041711,47,3
1217256,47,3
1534640,47,2
1623132,47,4
2126729,47,1
2039337,47,4
2572249,47,3
1093403,47,2
2535052,47,4
76196,47,4
1648646,47,4
2161899,47,3
2648502,47,5
1183741,47,2
908205,47,3
2270997,47,4
859350,47,3
2179335,47,3
2138987,47,2
1859725,47,2
1998117,47,5
1348118,47,1
835624,47,5
2212395,47,3
1734805,18,4
205706,18,4
712664,18,4
1907667,18,4
69867,18,3
306466,18,4
1331154,18,3
765331,18,3
2407624,18,4
2095891,18,3
2289614,18,4
1618902,18,5
2445646,18,4
785314,18,1
1224344,18,2
1276913,18,4
1395430,18,2
1744889,18,3
2628220,18,5
1174530,18,4
383894,18,3
2649050,18,3
1135868,18,2
147938,18,3
325046,18,3
1179646,18,2
1379923,18,3
2381246,18,5
2007993,18,3
1809758,18,4
2297615,18,4
369341,18,5
1754009,18,3
30878,18,3
1296163,18,2
2271228,18,4
1051350,18,3
1149472,18,3
2312677,18,5
178131,18,5
1428688,18,5
2314362,18,2
2484791,18,5
2042246,18,4
2502462,18,4
1329182,41,2
62996,41,1
1181550,41,2
1496546,41,1
525356,41,2
1045221,41,1
544147,41,5
2573207,41,1
1001129,41,2
2168244,41,1
235789,41,2
1813076,41,2
294330,41,2
1314869,41,3
521985,41,2
1586647,41,1
968808,41,1
2439493,41,1
1767421,41,1
828444,41,1
641336,41,1
2635382,41,3
1774452,41,2
421883,41,1
2248080,41,2
1125849,41,1
2512128,41,2
1876520,41,1
575029,41,2
2283366,41,1
2447747,41,1
2083367,41,2
1495111,41,2
1984022,41,1
2094929,41,1
1664010,41,2
1902838,41,1
2070504,41,1
406365,41,2
1704373,41,1
1079986,41,1
593226,41,2
1304827,41,1
1457134,41,3
266738,41,1
1306185,54,3
2414930,54,1
160650,54,2
1977959,54,3
1198173,54,3
643172,54,1
1672290,54,4
1277457,54,3
1265763,54,5
570343,54,3
1469816,54,4
2283274,54,1
2124535,54,3
202667,54,3
841816,54,3
680785,54,3
478176,54,3
739759,54,3
2603832,54,4
2329026,54,3
192133,54,2
1526354,54,1
555955,54,4
2439493,54,1
1676424,54,2
238740,54,3
2308483,54,3
1227237,54,2
2389367,54,3
2204276,54,2
342928,54,4
1952829,54,3
1571440,54,2
823068,54,4
1595080,54,3
1396036,54,5
1242529,54,1
1591829,54,3
803105,54,4
999596,54,4
1881088,54,3
2211240,54,3
2019936,54,2
2215021,54,3
1426963,54,5
1910881,74,3
1127292,74,4
327122,74,4
1602873,74,3
497196,74,2
2625420,74,2
1045449,74,2
1692001,74,5
1903518,74,2
515632,74,3
1757190,74,3
2428959,74,4
1268452,74,3
360830,74,3
1857979,74,2
922922,74,4
322178,74,1
1811103,74,4
1446040,74,4
709342,74,3
847553,74,3
303948,74,2
1310126,74,4
1695108,74,4
1187821,74,5
1189269,74,5
1133214,74,5
342330,74,2
1355676,74,4
494060,74,2
525356,74,3
1968095,74,5
765573,74,1
617054,74,4
1637761,74,4
1784150,74,3
2528088,74,5
1443645,74,3
819314,74,4
1084598,74,4
735733,74,5
1235769,74,3
1730160,74,1
2373995,74,4
2604976,74,3
12771,85,4
2353323,85,3
918023,85,4
619705,85,5
1316043,85,3
1307956,85,4
200255,85,3
977332,85,5
85856,85,4
1572469,85,5
1227322,85,1
1707677,85,4
2648176,85,4
1835397,85,5
2102346,85,3
2476195,85,5
541870,85,5
1857997,85,5
2549042,85,4
2508925,85,5
1276354,85,5
294908,85,5
2011791,85,5
786117,85,4
1295140,85,1
2386943,85,4
2348716,85,4
1846477,85,4
2429449,85,3
2303192,85,5
1150912,85,5
2201487,85,5
2404476,85,4
1416231,85,5
438290,85,5
1144078,85,5
2329026,85,2
2032606,85,5
1577875,85,4
513351,85,5
279205,85,5
1713284,85,3
1779104,85,4
1638580,85,4
983577,85,5
1224344,60,1
1234158,60,2
2031561,60,4
1863853,60,1
1282325,60,2
1216452,60,2
1546535,60,2
322173,60,3
1228566,60,2
1602932,60,2
1877834,60,1
349528,60,1
564702,60,5
2082618,60,2
1990523,60,3
796398,60,1
2278436,60,2
1556792,60,2
1042188,60,1
2067044,60,1
570414,60,4
1199825,60,2
2386920,60,1
155342,60,1
2266166,60,1
2025577,60,2
1112107,60,2
35797,60,2
2435667,60,5
1074143,60,2
2604046,60,2
732635,60,1
571702,60,1
838768,60,3
206954,60,4
2198958,60,2
1314869,60,3
486813,60,1
2281685,60,5
2634246,60,4
2320264,60,4
475010,60,1
2574737,60,2
2439493,60,1
975488,60,4
2050416,94,4
1267643,94,2
807586,94,5
1513144,94,2
2625420,94,2
2316326,94,5
1412961,94,5
1415442,94,5
1844666,94,3
1497241,94,4
581766,94,4
827096,94,4
115359,94,4
2059716,94,4
1087756,94,5
2044715,94,4
2359902,94,3
78014,94,4
854200,94,5
2568266,94,2
2441014,94,4
2098992,94,3
1837916,94,1
1071006,94,5
1336843,94,4
763194,94,3
170023,94,3
1021991,94,5
2441465,94,5
525356,94,3
2513365,94,5
1784174,94,3
2567335,94,5
1453309,94,4
355823,94,3
1871937,94,2
1489566,94,4
1906860,94,4
1235693,94,5
1829218,94,4
315915,94,4
195013,94,4
461394,94,4
113767,94,4
1009346,94,3
1109700,12,4
1056998,12,5
903692,12,3
2380973,12,4
497196,12,3
74144,12,3
2075969,12,5
2535052,12,3
76196,12,1
2648502,12,5
424286,12,3
1951144,12,2
269983,12,2
1977959,12,2
1477730,12,3
1984086,12,5
1521648,12,3
2043617,12,2
2436788,12,4
2201224,12,4
1173459,12,3
1224299,12,3
2030523,12,5
125296,12,4
1343332,12,3
1673185,12,3
300146,12,3
1400206,12,3
1027819,12,3
1220170,12,5
1767208,12,3
2154704,12,3
1398240,12,3
1303151,12,4
929308,12,4
1843132,12,3
959714,12,3
582662,12,5
1080872,12,3
1427045,12,3
587812,12,4
2040464,12,3
1282044,12,3
1933327,12,5
354091,12,4
1907667,53,2
764750,53,3
758691,53,1
2204961,53,1
52540,53,3
1892759,53,4
1905111,53,1
2574940,53,1
651518,53,1
915182,53,2
1455792,53,1
544147,53,3
2539902,53,1
1927638,53,3
1975483,53,2
71288,53,3
670126,53,3
1314869,53,3
2398509,53,2
79236,53,1
330279,53,2
2247785,53,1
2439493,53,1
1034714,53,1
1837993,53,1
732221,53,2
2471224,53,1
1944581,53,1
1079431,53,1
2418586,53,1
1803358,53,1
2237738,53,5
1588604,53,1
1869011,53,1
2600169,53,1
1227944,53,1
1105029,53,2
1489224,53,1
324547,53,1
184705,53,3
1440126,53,2
1117099,53,1
1951709,53,1
1664010,53,2
1190739,53,1
1688444,69,3
973736,69,2
1602923,69,1
1211598,69,4
659037,69,5
1712750,69,4
937274,69,2
81608,69,3
1920472,69,5
1363305,69,3
482328,69,5
811486,69,5
1828336,69,3
2505679,69,3
1313053,69,2
1302057,69,5
2625469,69,3
636262,69,1
1705330,69,4
2568040,69,4
2439493,69,1
266900,69,5
1439019,69,3
2403154,69,3
495418,69,4
1751084,69,3
1363879,69,3
2159285,69,5
232421,69,1
2164954,69,5
1665183,69,3
1392168,69,4
1961753,69,4
2550506,69,1
2349538,69,5
190213,69,1
721369,69,3
869766,69,1
507603,69,1
1059661,69,4
1189050,69,5
797951,69,4
1312501,69,4
2578830,69,3
2083174,69,1
1076258,14,3
1663216,14,2
549526,14,3
1850680,14,1
15294,14,5
2270546,14,4
300074,14,1
303948,14,3
1061692,14,4
1782553,14,3
1585893,14,4
1189269,14,5
317370,14,3
970976,14,3
1140547,14,4
1001129,14,2
206141,14,5
1784368,14,3
1024632,14,3
1530313,14,2
2160016,14,3
789166,14,5
199257,14,3
43608,14,4
2234159,14,3
1399240,14,3
1133807,14,3
2591337,14,5
2439493,14,1
2539391,14,4
1520535,14,2
1598256,14,5
2351541,14,4
1990611,14,4
2040859,14,1
1510242,14,3
1175674,14,3
898283,14,1
1428226,14,3
36947,14,3
2550506,14,4
2280710,14,4
1287892,14,2
2055957,14,1
507603,14,1
1296163,21,4
1075579,21,3
973356,21,3
2551641,21,4
1977959,21,4
1009741,21,4
793754,21,3
871687,21,4
2449072,21,4
1152116,21,4
1077945,21,4
786312,21,3
2363160,21,5
2071629,21,3
106104,21,4
2023435,21,3
2490359,21,4
93986,21,1
1363315,21,4
1001129,21,2
901557,21,3
436122,21,3
2220157,21,3
2281080,21,3
663915,21,5
581199,21,1
427369,21,4
1521428,21,5
2046045,21,3
887389,21,4
801349,21,4
1319657,21,4
590478,21,5
1787522,21,4
2439493,21,1
1025082,21,5
874065,21,3
2327417,21,3
1545709,21,4
2647908,21,3
2432893,21,5
1510783,21,4
2019342,21,4
1510091,21,4
1150223,21,3
243437,15,5
862622,15,4
1513144,15,2
698624,15,3
1787269,15,5
1048253,15,3
1471457,15,3
2230092,15,2
1315056,15,4
107840,15,3
1624280,15,5
1765845,15,4
1673185,15,3
986633,15,5
672012,15,4
1273613,15,4
2580717,15,1
710995,15,3
2247924,15,2
102023,15,5
897525,15,2
1830763,15,1
700229,15,2
1138162,15,4
992978,15,4
1368150,15,2
992739,15,3
1641673,15,4
337413,15,5
2220559,15,4
616735,15,3
2350040,15,5
1919493,15,3
205677,15,4
2029364,15,3
1803931,15,4
1709921,15,5
1203026,15,3
1714526,15,4
1257024,15,3
1230462,15,3
2247936,15,4
1630678,15,3
589151,15,1
1292571,15,3
41412,50,3
247794,50,3
2039337,50,2
2625420,50,2
1303498,50,3
2642212,50,5
1650301,50,1
2589362,50,2
1919026,50,2
370531,50,4
1224299,50,3
903779,50,3
1673185,50,2
2602249,50,3
290215,50,3
461435,50,2
1767208,50,3
1065605,50,4
61472,50,3
960023,50,3
346689,50,5
1816089,50,3
2544332,50,4
1265763,50,3
1616522,50,1
2216056,50,3
1537029,50,3
1859573,50,3
2465236,50,2
1469816,50,3
189088,50,3
1597177,50,1
2107665,50,4
202667,50,3
103619,50,3
1249577,50,4
49585,50,1
1425875,50,5
1022422,50,3
739759,50,4
2266017,50,2
2550838,50,1
1750544,50,4
1668024,50,2
1575462,50,3
265628,96,4
2323068,96,3
2098144,96,3
2184469,96,3
966375,96,3
96262,96,4
76196,96,4
2029829,96,2
179544,96,3
1706476,96,5
2207774,96,5
2140058,96,2
2637831,96,3
994878,96,4
2560286,96,2
1574595,96,3
2504147,96,3
2004175,96,3
322178,96,4
2541025,96,1
1598401,96,3
922917,96,5
1145771,96,2
2195371,96,3
2198778,96,4
1224299,96,3
1379793,96,4
912950,96,3
517821,96,3
2048686,96,4
2487958,96,3
1267277,96,3
600362,96,2
1004041,96,4
2261345,96,2
2093058,96,1
2561861,96,5
1043126,96,3
1855366,96,3
1382057,96,3
1161704,96,4
2404857,96,4
401047,96,2
541870,96,3
509216,96,5
844736,95,1
1005101,95,4
102219,95,4
871289,95,3
2378560,95,1
1508073,95,4
2168171,95,2
1192830,95,2
471569,95,2
1821073,95,1
1871967,95,3
1673256,95,3
508185,95,4
78931,95,4
531398,95,2
206809,95,3
1956586,95,2
952810,95,3
2542972,95,4
2455524,95,5
2467705,95,3
1371147,95,3
1445871,95,3
971052,95,1
2250613,95,3
2216198,95,2
2434480,95,3
2151599,95,4
1367766,95,1
1495055,95,2
1183392,95,4
416556,95,3
2307724,95,5
507921,95,3
2290519,95,2
1858921,95,5
382281,95,2
1730571,95,4
1690209,95,3
2040189,95,3
2488216,95,4
947134,95,4
2413786,95,1
554995,95,2
2590630,95,4
2423875,55,2
306466,55,2
1481271,55,3
1331154,55,3
2480084,55,2
1945809,55,3
1468812,55,4
2445646,55,1
1172232,55,2
1174530,55,3
1091137,55,3
1907667,55,4
471426,55,1
1645486,55,3
14690,55,2
988670,55,2
2587619,55,5
1224458,55,4
838130,55,5
327122,55,2
1181115,55,3
1355247,55,4
409415,55,3
1755092,55,4
1996191,55,3
184311,55,2
76196,55,3
988026,55,3
2384779,55,2
1648646,55,3
1685449,55,3
827380,55,3
2127722,55,3
2648502,55,3
1755946,55,3
2441688,55,5
659348,55,3
936281,55,4
1238623,55,1
997772,55,3
2343417,55,5
1823237,55,4
2472537,55,4
2298339,55,2
2542255,55,3
1527030,76,1
1056998,76,4
1174530,76,5
1753259,76,4
2241806,76,5
669192,76,5
592921,76,4
1294425,76,4
1359983,76,3
1488844,76,3
1017542,76,4
1780909,76,3
1907667,76,3
546017,76,5
2245579,76,5
1148143,76,4
511700,76,4
2325737,76,5
622194,76,5
1046986,76,4
944189,76,3
1838706,76,5
819870,76,3
989704,76,3
677522,76,4
441324,76,3
1698013,76,4
2205253,76,1
2081171,76,1
2018877,76,5
2000775,76,3
2535052,76,4
2179335,76,4
908205,76,3
2521112,76,2
2343417,76,5
255357,76,4
231110,76,4
2385577,76,5
1977128,76,4
945830,76,5
1650301,76,1
1021746,76,5
973736,76,5
843246,76,4
1734805,44,5
716091,44,3
1990901,44,4
1331154,44,3
1116671,44,3
2400678,44,3
998229,44,4
1693641,44,4
1331887,44,3
2615678,44,4
1463145,44,4
1744889,44,1
2314362,44,4
1644750,44,3
183907,44,3
383894,44,4
1185389,44,3
542786,44,3
2541216,44,4
779760,44,4
30878,44,5
1294425,44,3
1575876,44,5
2495143,44,3
282391,44,3
1829387,44,4
1227848,44,5
1683765,44,4
946314,44,4
1242432,44,3
1488844,44,3
2014531,44,3
1789215,44,5
1033508,44,3
1032502,44,3
2182234,44,4
1569545,44,4
753886,44,5
1484465,44,3
386143,44,2
416345,44,5
14690,44,3
1373140,44,4
635363,44,5
1885203,44,4
1402412,97,3
1378276,97,2
886716,97,4
290621,97,4
1700625,97,5
705162,97,4
887273,97,4
77120,97,5
2457291,97,4
1455726,97,3
44937,97,3
2003092,97,5
304789,97,2
120539,97,4
1436762,97,3
1099326,97,4
2532865,97,4
2385934,97,5
1876877,97,5
1124390,97,4
1019903,97,4
1847330,97,5
616720,97,4
779760,97,4
726540,97,5
2489919,97,4
2555164,97,4
2467008,97,4
1678038,97,5
1098571,97,4
1203772,97,4
1046323,97,4
1739854,97,4
323063,97,4
1765193,97,3
991725,97,4
1296163,97,4
1752360,97,5
1468812,97,4
1892917,97,4
2312677,97,5
2484791,97,4
1734679,97,4
1530644,97,4
111765,97,4
305151,43,4
497196,43,3
2327803,43,1
2625420,43,2
1181550,43,5
1768010,43,2
1295097,43,1
525356,43,3
989989,43,5
1471876,43,2
214144,43,4
1603826,43,3
1996226,43,2
704642,43,2
1314869,43,4
793868,43,5
2420198,43,1
2593882,43,1
2439493,43,1
2001197,43,2
2455340,43,1
492714,43,3
2066003,43,3
1078620,43,3
1039274,43,3
468508,43,5
1731102,43,2
2456308,43,2
798707,43,1
914074,43,3
2633152,43,1
1905560,43,3
767958,43,1
335030,43,2
507603,43,1
2083367,43,3
964881,43,3
681577,43,3
2462919,43,1
661350,43,3
1107263,43,4
2644448,43,4
2388411,43,3
1635276,43,1
1312448,43,1
1869632,65,2
2309150,65,2
1261894,65,2
1174910,65,4
1005101,65,2
1821073,65,2
2593573,65,2
1273525,65,1
2477173,65,3
2542972,65,1
2434480,65,2
932186,65,2
2155945,65,1
1489561,65,2
641016,65,3
183476,65,1
2409698,65,1
904245,65,3
2596173,65,1
1581043,65,3
118860,65,3
1721623,65,2
541915,65,3
1672148,65,1
333901,65,1
505087,65,4
2197411,65,3
61807,65,2
1001129,65,2
1033264,65,2
503235,65,2
2034228,65,3
293284,65,3
385158,65,5
1843540,65,1
1917883,65,3
2468140,65,2
1725009,65,2
744735,65,4
141701,65,2
1944765,65,5
1283137,65,3
1399144,65,2
796389,65,5
204616,65,3
1567328,27,4
2091010,27,4
2537219,27,4
2625420,27,2
955896,27,5
735894,27,4
985334,27,5
354278,27,4
1843617,27,3
2432108,27,5
931182,27,4
2084787,27,3
385639,27,3
115218,27,5
654043,27,3
2240828,27,3
1372014,27,2
1080872,27,5
2266083,27,4
2631605,27,3
919218,27,4
1741099,27,5
301456,27,5
1509395,27,4
1630967,27,5
2518824,27,5
1973116,27,4
503051,27,5
1731008,27,3
1001129,27,3
2240661,27,4
2493885,27,4
2331813,27,3
466269,27,4
1196166,27,4
627515,27,3
830370,27,3
1966321,27,5
665055,27,5
1792741,27,3
1314869,27,1
2646515,27,4
1719610,27,3
636262,27,4
334051,27,4
862759,62,5
1079762,62,5
656399,62,4
2638523,62,4
1174811,62,4
2287590,62,3
1341444,62,4
2242958,62,1
1978576,62,5
2044715,62,4
1065046,62,4
1924821,62,3
26648,62,4
520854,62,4
1861800,62,4
1061692,62,4
1555820,62,3
404701,62,3
1223524,62,4
183038,62,3
786312,62,3
1894963,62,4
2067044,62,5
2096154,62,2
525356,62,4
1009622,62,1
1560144,62,4
1439700,62,3
2295756,62,4
1001129,62,2
493082,62,3
941794,62,4
556780,62,4
1927580,62,3
1491667,62,3
2351599,62,4
546941,62,5
980300,62,3
1188860,62,5
707166,62,5
257622,62,3
1167572,62,5
2100210,62,4
681280,62,4
411705,62,4
846887,70,1
780936,70,3
745867,70,5
1472421,70,3
2296924,70,2
1685273,70,3
279376,70,3
824480,70,5
1222878,70,3
2535515,70,1
2154863,70,1
1811857,70,1
2604455,70,3
1478381,70,4
281851,70,1
1231910,70,5
27200,70,3
892018,70,2
1881833,70,3
1466320,70,2
1103813,70,1
2347320,70,1
1733668,70,3
950078,70,5
922307,70,3
1931243,70,1
1610450,70,5
695379,70,3
2606381,70,1
1233670,70,3
786719,70,3
2215923,70,3
2212531,70,2
2238631,70,3
1075200,70,2
548288,70,4
257294,70,2
1275088,70,3
2241623,70,3
758087,70,3
1623050,70,4
2466549,70,3
1365489,70,3
1676820,70,3
730725,70,3
2164355,81,3
1945809,81,3
1663216,81,3
33916,81,4
2196868,81,4
862759,81,5
1076258,81,4
1562558,81,4
175592,81,4
2029131,81,5
1488844,81,3
696539,81,4
30878,81,3
1302277,81,3
2360952,81,3
1022126,81,4
76196,81,1
908205,81,3
2574153,81,3
1089368,81,4
747395,81,3
2623784,81,2
1497839,81,5
2344483,81,3
2084638,81,3
776067,81,3
1686685,81,2
1986005,81,2
454077,81,3
1655200,81,3
1164917,81,3
1199469,81,5
2012897,81,5
2196015,81,3
705304,81,4
1147723,81,5
259713,81,2
2296996,81,4
1163057,81,3
1201676,81,3
1519073,81,4
440220,81,4
2079541,81,4
1482544,81,3
599993,81,3
1468812,45,3
1744889,45,1
1174530,45,3
542786,45,2
1782796,45,3
1294425,45,4
932081,45,3
1765193,45,3
780936,45,5
550836,45,4
1267643,45,2
2240318,45,3
63170,45,3
2370740,45,4
1005101,45,3
436529,45,4
838130,45,4
524654,45,3
560142,45,3
944189,45,3
1287399,45,3
14690,45,3
610827,45,3
2059054,45,3
1931241,45,2
2583426,45,2
1447420,45,3
860599,45,3
1935969,45,4
1419631,45,2
1519729,45,3
803945,45,1
2161899,45,3
1260345,45,2
1192830,45,4
1196093,45,2
2064291,45,4
2637831,45,3
1770196,45,1
2312349,45,3
1712923,45,3
1611112,45,3
2551641,45,3
119287,45,3
2452166,45,2
554875,16,2
2480084,16,3
1794216,16,3
1276913,16,5
400164,16,4
2236005,16,4
1174530,16,3
1319997,16,3
1008399,16,2
530441,16,5
175214,16,3
761718,16,3
1179646,16,1
1091137,16,3
2431832,16,4
1907667,16,3
2242037,16,3
1519388,16,3
2241806,16,3
1645486,16,3
1507459,16,2
130189,16,3
838130,16,3
327122,16,2
767816,16,3
661114,16,3
2209044,16,4
1755092,16,3
1567095,16,3
1561059,16,3
429882,16,2
808888,16,3
1494552,16,4
922231,16,3
818766,16,3
2534672,16,2
603277,16,3
1501288,16,3
2535052,16,3
76196,16,1
1230594,16,3
2384779,16,2
2375761,16,3
1348118,16,1
1685449,16,2
431609,87,5
272772,87,4
955917,87,5
1589677,87,3
1358962,87,3
1001129,87,2
1242367,87,1
578168,87,3
1768779,87,1
826999,87,5
1130075,87,2
1110807,87,3
2439493,87,1
491876,87,5
2040859,87,1
54136,87,3
2295268,87,5
446445,87,3
497579,87,2
420273,87,2
2034459,87,4
590607,87,4
1483749,87,3
432620,87,3
1316762,87,1
1327359,87,2
1500112,87,2
2625843,87,3
163913,87,1
2311464,87,2
2386664,87,4
305895,87,3
2015501,87,2
2215423,87,3
674255,87,2
2125944,87,5
2392576,87,4
430774,87,3
1664010,87,3
2399153,87,4
669541,87,4
1694819,87,3
2407546,87,3
1341000,87,3
2322222,87,4
862759,11,5
1166950,11,2
669077,11,3
970936,11,3
2162641,11,4
303948,11,3
1181550,11,3
1683079,11,2
1082752,11,3
2256054,11,3
174683,11,3
2105661,11,2
827322,11,2
370346,11,1
1572201,11,2
156078,11,1
1559022,11,3
660495,11,3
2615605,11,2
925448,11,3
1407746,11,2
727242,11,1
1487081,11,4
1167572,11,3
1110571,11,4
2294328,11,3
1562015,11,3
2558337,11,1
87185,11,2
923606,11,2
1591199,11,3
1811603,11,3
1689425,11,3
1198849,11,3
1365370,11,4
2439493,11,1
1573980,11,3
71795,11,4
1866729,11,3
772738,11,5
1729469,11,1
439870,11,4
1656839,11,3
1895682,11,2
2344006,11,3
1170033,22,1
2209675,22,2
326587,22,3
577553,22,2
2418634,22,4
754267,22,1
1206421,22,1
1737616,22,1
1507905,22,4
2068869,22,1
1769834,22,2
2554745,22,1
332045,22,2
1000965,22,2
138594,22,2
2389769,22,1
785433,22,1
503235,22,1
1762191,22,1
1259776,22,3
1434502,22,2
1537571,22,3
629383,22,2
72570,22,1
1562670,22,3
892166,22,2
2440934,22,3
507499,22,4
534043,22,2
1186487,22,2
187322,22,1
1819462,22,1
2439493,22,1
920006,22,2
447282,22,3
1202646,22,1
1391022,22,1
1037622,22,1
1808155,22,1
2579706,22,1
1348985,22,4
742595,22,1
512995,22,1
1064067,22,4
2076802,22,1
2517152,59,3
2625420,59,2
2312349,59,2
322178,59,3
2270650,59,2
774868,59,3
1602333,59,3
85856,59,3
693440,59,5
2567417,59,5
315229,59,2
2030567,59,1
918377,59,1
1396542,59,3
52251,59,3
1022276,59,3
1911180,59,3
1048894,59,2
984786,59,3
2619279,59,3
2303969,59,3
2170930,59,1
1475603,59,3
322388,59,1
1219013,59,3
749230,59,4
2512914,59,4
2230823,59,4
2081364,59,1
1860915,59,3
839594,59,3
2439493,59,1
1216763,59,5
1545711,59,2
1845773,59,5
467503,59,1
387457,59,3
391325,59,3
357354,59,3
420526,59,1
1563935,59,1
2350743,59,5
1792064,59,4
1112436,59,2
1321784,59,2
2557615,75,3
1120091,75,3
1093275,75,3
1977959,75,3
2443756,75,3
369848,75,1
940556,75,2
1146715,75,4
431732,75,2
1236924,75,1
2488386,75,3
2146325,75,2
2409698,75,2
1785621,75,3
2118254,75,2
2047045,75,2
1939195,75,4
814194,75,4
1309838,75,5
2025577,75,3
1559022,75,3
2350518,75,4
1363315,75,3
1660191,75,1
1195095,75,2
339362,75,3
908644,75,1
2317868,75,2
572122,75,3
466778,75,4
886452,75,4
376114,75,4
802375,75,3
97827,75,3
793183,75,2
2220239,75,2
2237185,75,3
564972,75,2
1139570,75,3
1842197,75,1
2439493,75,1
447282,75,3
586636,75,1
209794,75,4
1945341,75,3
622194,93,4
273084,93,4
2600899,93,3
1981733,93,3
1340653,93,3
2242958,93,1
489962,93,4
167540,93,4
26648,93,3
709342,93,1
1998829,93,4
1227322,93,1
1801185,93,2
2387403,93,3
861482,93,3
2534218,93,4
1553591,93,1
1513215,93,3
253094,93,4
2069750,93,1
263906,93,4
987647,93,1
2191732,93,3
942782,93,4
386474,93,2
1785838,93,3
238468,93,2
204616,93,3
113090,93,4
352890,93,2
2634707,93,2
2523318,93,2
171839,93,3
1542793,93,3
2439493,93,1
1563935,93,1
1319012,93,2
1340936,93,4
525679,93,2
121324,93,4
1225150,93,3
1207684,93,3
1013116,93,3
2468305,93,3
2553812,93,2
829326,25,5
2433426,25,5
395100,25,4
160977,25,4
1089917,25,5
1126767,25,4
699878,25,5
568620,25,4
754781,25,4
2209931,25,5
2568270,25,5
2625420,25,2
1744006,25,4
1694477,25,4
859350,25,3
755344,25,3
10839,25,3
1650301,25,2
2312349,25,3
2026560,25,5
2637831,25,3
1711125,25,4
1939674,25,5
2004175,25,4
1328354,25,4
2275792,25,4
1030986,25,4
2324066,25,4
360830,25,4
1079731,25,5
769887,25,4
222153,25,3
366193,25,4
312110,25,4
1611849,25,5
387693,25,3
2502251,25,3
1771516,25,3
163830,25,3
2415876,25,3
1392206,25,4
1277391,25,1
2552504,25,4
533405,25,5
1743136,25,3
2059652,48,5
1567328,48,3
132390,48,3
613501,48,4
1116838,48,5
2445646,48,3
848760,48,3
2236005,48,3
1395430,48,2
2024848,48,5
1944014,48,3
1174530,48,3
991931,48,5
542786,48,3
2071871,48,4
39956,48,4
2502462,48,1
2460944,48,5
1294425,48,5
2007993,48,3
519545,48,5
2370924,48,5
1765381,48,4
2263006,48,4
649770,48,3
1214416,48,5
17382,48,3
70976,48,2
1439698,48,3
2486685,48,5
2311810,48,5
2158667,48,5
767816,48,2
2571254,48,3
481668,48,4
840543,48,5
1213655,48,4
2325737,48,5
1181115,48,3
447223,48,3
2231930,48,4
296171,48,5
2348376,48,5
2118521,48,3
2391582,48,5
1907667,58,4
1279874,58,4
1513370,58,4
1987434,58,3
2480084,58,4
1227848,58,4
1567328,58,4
1945809,58,5
951709,58,5
1794216,58,4
1468812,58,3
132390,58,5
41412,58,3
1109700,58,2
2105852,58,5
2400678,58,2
982814,58,2
175214,58,2
2422606,58,3
785314,58,1
2515522,58,3
779760,58,3
1663216,58,3
960770,58,4
697038,58,3
2236005,58,4
1770762,58,3
122601,58,4
2588382,58,4
684071,58,5
679929,58,4
612865,58,3
2596225,58,4
1519388,58,4
759018,58,5
139297,58,4
1091137,58,4
1276913,58,5
1620761,58,4
1032502,58,4
2360117,58,4
2628220,58,2
1056998,58,4
197443,58,4
557167,58,4
1392773,28,4
1697479,28,4
1990901,28,5
2626356,28,5
1402412,28,2
765331,28,3
1987434,28,4
452013,28,3
1661657,28,4
2193455,28,4
1468812,28,4
132390,28,4
41412,28,4
2037339,28,3
1778432,28,4
2557878,28,2
2400678,28,4
2289614,28,3
2586072,28,4
160977,28,4
659794,28,4
1456155,28,5
998229,28,4
30878,28,3
2472213,28,3
1863853,28,3
785314,28,3
1632018,28,5
577397,28,5
1256263,28,3
2105852,28,5
63382,28,5
2159332,28,5
760380,28,5
2615678,28,5
1276913,28,5
1239411,28,5
1663216,28,4
2367275,28,3
84527,28,3
2024848,28,5
2129835,28,4
2196868,28,5
991725,28,3
1744889,28,1
166830,64,1
68845,64,1
408459,64,5
1754989,64,3
2043109,64,2
1949297,64,1
1209167,64,3
945327,64,1
425786,64,3
1187171,64,1
1001129,64,2
592158,64,3
1537571,64,1
1323467,64,1
2643933,64,1
2372494,64,3
2636891,64,1
2054694,64,3
1277216,64,2
1986286,64,5
1473980,64,3
13561,64,1
2588510,64,3
586642,64,3
1844205,64,2
485461,64,2
1876520,64,1
69116,64,2
2112383,64,4
1830690,64,3
1135847,64,3
2552795,64,1
2070267,64,2
2083367,64,3
311875,64,2
2308200,64,2
1664010,64,3
598954,64,2
2004105,64,3
1213511,64,4
811412,64,3
88652,64,1
2265269,64,1
333536,64,3
1424040,64,3
2625420,20,2
1508073,20,3
1371016,20,3
1374336,20,4
1254903,20,3
1209119,20,3
2181840,20,4
2473764,20,4
1543531,20,4
1892937,20,5
774018,20,4
840901,20,1
1651723,20,3
77474,20,4
923342,20,4
2176303,20,3
1964421,20,3
593440,20,2
1269699,20,4
2439493,20,1
807718,20,3
2219254,20,3
457527,20,3
1563935,20,1
73858,20,5
1646880,20,4
1764042,20,3
1720149,20,3
2040859,20,1
1531029,20,1
1493430,20,3
1157507,20,4
539955,20,4
1752478,20,4
658961,20,4
1070154,20,5
99847,20,4
1178479,20,5
1070077,20,4
32243,20,5
897130,20,3
1997580,20,2
842185,20,4
2552319,20,3
593749,20,4
1745265,92,5
240705,92,5
2642565,92,3
2421361,92,1
39526,92,4
1148739,92,3
2119007,92,5
1784150,92,2
314110,92,5
751329,92,5
2523436,92,4
405788,92,1
1613839,92,2
1462959,92,5
852374,92,2
756987,92,3
851410,92,4
2051379,92,1
636262,92,1
1705330,92,5
2439493,92,1
2276118,92,4
860246,92,5
479924,92,5
766840,92,1
449269,92,5
2124994,92,4
2403451,92,1
266900,92,4
1452127,92,4
1558516,92,4
1906043,92,4
828444,92,1
592122,92,5
2403154,92,4
2071711,92,5
1531029,92,1
833176,92,5
2191621,92,2
1976232,92,4
1743759,92,1
1905989,92,5
2457095,92,1
1392168,92,4
132540,92,2
546578,66,2
2028934,66,2
310856,66,1
1650301,66,3
1520914,66,2
2626947,66,2
775886,66,3
1249387,66,2
1400206,66,3
1199825,66,2
2640818,66,3
277135,66,4
1264935,66,2
2381374,66,1
1491667,66,3
1324402,66,4
219903,66,2
354216,66,3
1473666,66,2
2225711,66,2
1525524,66,2
835310,66,2
235789,66,2
1371422,66,2
888317,66,1
752516,66,1
1918957,66,2
1823176,66,1
2512833,66,2
357916,66,5
662839,66,5
141936,66,2
49949,66,2
2469477,66,2
504211,66,2
1166912,66,2
2335248,66,2
1912002,66,3
2439493,66,1
2408413,66,2
366677,66,2
1134379,66,2
1506735,66,3
66179,66,2
1227252,66,3
1402412,52,4
1712147,52,4
899232,52,4
1395430,52,3
1182086,52,4
2330282,52,2
727449,52,4
306466,52,4
1283048,52,3
1995985,52,5
1076258,52,3
616720,52,4
1765381,52,5
12379,52,4
659836,52,3
923325,52,4
1828719,52,3
2309436,52,4
357521,52,4
480412,52,3
1492345,52,3
1409776,52,3
2581970,52,3
629469,52,5
1768932,52,3
771345,52,4
2387130,52,3
573364,52,3
187961,52,3
1561068,52,4
341804,52,3
617861,52,5
784028,52,5
1961542,52,4
1644204,52,5
1684516,52,5
1954769,52,3
2568270,52,4
1315483,52,5
215739,52,3
1502634,52,5
1332711,52,5
1174811,52,4
183702,52,4
1657077,52,5
2173336,30,5
2473170,30,5
900816,30,3
1990901,30,4
662337,30,4
1402412,30,4
1601783,30,3
2640108,30,3
306466,30,3
1142821,30,5
1024794,30,4
254711,30,1
1331154,30,4
1476213,30,3
2201376,30,2
740327,30,4
1987434,30,2
1380819,30,4
946164,30,2
388088,30,4
1116671,30,4
120539,30,4
66568,30,5
1468812,30,5
132390,30,3
1163218,30,3
886716,30,5
1281187,30,5
1212306,30,2
308495,30,4
393953,30,4
2289614,30,3
2514857,30,4
1052739,30,4
1285726,30,4
659794,30,3
2422606,30,4
325167,30,5
2153518,30,3
998229,30,5
30878,30,4
790689,30,4
2451053,30,4
1515501,30,4
181323,30,4
699878,72,2
2519847,72,2
23244,72,4
1347749,72,2
704862,72,3
2294108,72,4
1529397,72,4
1788112,72,5
2104526,72,1
402377,72,5
2463507,72,5
887694,72,5
1823259,72,3
2003554,72,4
61472,72,2
525356,72,4
2443370,72,3
1048793,72,3
63471,72,4
469461,72,5
840901,72,3
1020871,72,1
2152838,72,2
727242,72,1
1369550,72,2
836489,72,2
1597577,72,1
2170930,72,1
905074,72,3
2416377,72,2
217082,72,3
254887,72,2
2439493,72,1
2068594,72,2
1561649,72,2
33694,72,5
2531820,72,3
1440301,72,1
1046918,72,4
2206690,72,4
1741962,72,4
1518328,72,1
1776969,72,5
1658961,72,2
1147641,72,1
41412,37,3
1033971,37,5
724592,37,5
126998,37,3
2625420,37,2
353906,37,3
640322,37,5
1208081,37,5
818736,37,3
12451,37,4
1328354,37,1
47411,37,5
978567,37,5
1013930,37,4
499718,37,3
1335063,37,4
1078112,37,4
1692007,37,3
786312,37,3
267352,37,5
1189269,37,5
424958,37,5
1787989,37,5
1559165,37,5
1782465,37,4
1784150,37,4
1628934,37,4
1878144,37,2
2085613,37,4
2647004,37,3
1720643,37,4
1001129,37,2
1358962,37,4
1927580,37,3
2585043,37,2
263906,37,4
377808,37,4
402535,37,4
672450,37,4
1539730,37,4
1772667,37,3
2225392,37,4
2170930,37,1
1314869,37,3
1962323,37,4
1744889,24,4
543981,24,3
2360117,24,3
1907667,24,3
247794,24,3
461110,24,3
705603,24,4
409415,24,3
489613,24,3
305197,24,3
295983,24,3
440723,24,3
567279,24,2
896780,24,3
2127722,24,1
1606064,24,3
2088663,24,3
2343417,24,3
2080855,24,4
931005,24,2
1216387,24,1
1213587,24,4
2551641,24,2
403531,24,5
2459774,24,1
1821073,24,3
1810235,24,4
1735827,24,4
1977959,24,2
298900,24,3
2541863,24,3
47411,24,4
2645579,24,3
2063030,24,2
1998055,24,2
1691201,24,1
396576,24,3
1532735,24,3
922922,24,3
2217731,24,3
200255,24,3
1105843,24,3
530995,24,3
2608552,24,4
1518964,24,1
712664,26,3
2336678,26,3
2422606,26,3
1241149,26,3
672200,26,2
2360117,26,3
263315,26,2
1922825,26,1
2163521,26,3
2455124,26,2
261048,26,2
308495,26,4
1356914,26,3
2122996,26,4
608309,26,2
515605,26,1
2409405,26,1
557167,26,3
1995985,26,4
1967828,26,4
1768432,26,2
2515522,26,2
84691,26,2
617782,26,3
728311,26,5
2503129,26,4
1130795,26,5
135718,26,4
1512842,26,1
172622,26,3
617814,26,3
203345,26,4
1694062,26,3
293901,26,3
2630970,26,4
1902787,26,1
838130,26,2
1564363,26,2
2064942,26,3
1722559,26,1
1869654,26,2
2325737,26,3
1404971,26,3
117409,26,3
227944,26,5
2187374,17,4
2503129,17,5
263315,17,3
728311,17,5
838369,17,4
2261008,17,3
1922825,17,5
608309,17,3
1691737,17,4
2336678,17,2
679929,17,2
1068777,17,3
1772361,17,3
1646939,17,3
673076,17,5
1907667,17,3
1351377,17,3
1863587,17,3
193223,17,3
1966514,17,2
1370157,17,4
1910881,17,3
97315,17,3
2581970,17,3
1488844,17,2
1456155,17,4
671065,17,3
1857486,17,3
691772,17,3
2295232,17,3
764281,17,3
672200,17,3
180849,17,3
492722,17,5
2248449,17,2
1176140,17,1
1194006,17,2
2406318,17,3
2603559,17,1
86062,17,4
780936,17,4
166595,17,3
172622,17,3
2338545,17,3
1302772,17,4
1734805,77,4
712664,77,1
69867,77,1
1601783,77,2
719234,77,3
306466,77,1
1481271,77,2
1024794,77,2
765331,77,1
2480084,77,3
1567328,77,1
1945809,77,2
1116671,77,3
66568,77,2
1794216,77,3
1468812,77,2
132390,77,3
1212306,77,3
1778432,77,2
2422606,77,3
921064,77,4
2615678,77,3
1276913,77,5
1172232,77,1
1488957,77,2
697038,77,4
2196868,77,3
753886,77,2
1744889,77,1
846887,77,4
2573892,77,3
2437905,77,3
394693,77,3
1174530,77,3
1818178,77,2
339448,77,3
1319997,77,3
215797,77,2
848443,77,1
1179501,77,4
2630287,77,2
1042853,77,2
727449,77,2
39956,77,4
2360117,77,3
1712147,29,4
14690,29,4
2415594,29,5
603277,29,3
1065039,29,3
2343417,29,4
779432,29,4
1650301,29,2
1712923,29,4
771321,29,4
896407,29,4
419746,29,5
1620735,29,3
1127488,29,5
1265877,29,3
641565,29,4
2509293,29,4
1713873,29,4
1411726,29,4
847322,29,3
2455019,29,5
1224299,29,3
933168,29,4
2192080,29,5
1896369,29,4
18956,29,5
2355791,29,3
2602249,29,3
436707,29,5
916412,29,3
565700,29,4
483077,29,4
1731174,29,5
152178,29,4
2553247,29,5
937245,29,4
484675,29,3
66109,29,3
1650068,29,5
1416836,29,1
2086693,29,4
1938727,29,4
2638586,29,1
2209835,29,4
1923772,29,5
1294425,84,5
1281187,84,4
2367275,84,4
2024848,84,2
221033,84,3
1456155,84,4
242544,84,4
39956,84,5
1443246,84,3
1626389,84,3
1068777,84,1
2525823,84,3
1394510,84,3
649770,84,2
326587,84,3
208356,84,2
341908,84,3
441290,84,3
497196,84,2
2158667,84,3
2060891,84,3
1033971,84,2
622194,84,5
1759074,84,1
1436640,84,4
1199658,84,4
2161899,84,1
628958,84,2
2418200,84,3
945783,84,3
1419398,84,3
60521,84,4
2488939,84,3
2293919,84,4
264160,84,5
908205,84,2
1248029,84,4
1219824,84,4
2340465,84,4
915001,84,4
591273,84,4
888934,84,3
2625420,84,2
189608,84,3
2343417,84,5
306466,46,4
2480084,46,4
449288,46,2
1567328,46,3
1945809,46,3
1116671,46,3
869719,46,3
276813,46,3
1794216,46,3
1468812,46,5
1822148,46,3
41412,46,5
2400678,46,4
1697399,46,3
613501,46,3
1135197,46,2
2422606,46,3
998229,46,4
2445646,46,3
1331887,46,1
399890,46,3
243963,46,4
844736,46,5
1276913,46,3
1395430,46,3
1663216,46,4
697038,46,5
2196868,46,5
991725,46,3
2314362,46,4
121910,46,4
2241806,46,5
488477,46,4
644827,46,4
2433695,46,3
1620761,46,5
922616,46,3
1626628,46,4
69867,46,4
765331,46,4
951709,46,2
2641857,46,4
1209160,46,5
1832699,46,4
1607938,46,5
950515,40,4
2503691,40,3
263315,40,3
1419837,40,2
172622,40,3
2551418,40,3
217004,40,4
79017,40,3
1502043,40,3
1310455,40,4
624334,40,3
272881,40,2
415676,40,2
1669707,40,4
1910699,40,3
1649517,40,4
1298157,40,4
216190,40,5
939340,40,4
210487,40,3
441987,40,3
1412708,40,5
1037313,40,2
826409,40,3
1189322,40,5
561578,40,2
916348,40,1
1227322,40,1
686752,40,3
2228478,40,3
2122104,40,3
2137240,40,2
1746351,40,3
344540,40,1
1039248,40,3
2616386,40,4
400217,40,3
424121,40,4
571538,40,2
254710,40,2
1391997,40,1
1382937,40,2
540459,40,4
1135143,40,1
901927,40,2
2240318,99,3
2625420,99,1
711595,99,2
774868,99,4
303948,99,3
2388344,99,2
1740732,99,1
1594606,99,2
1762088,99,3
18103,99,3
1273105,99,1
469461,99,2
1106380,99,3
2266166,99,1
1048894,99,2
1134816,99,3
1217301,99,2
2303969,99,3
2550838,99,1
518770,99,2
24373,99,3
525007,99,4
507499,99,3
1467809,99,1
2439493,99,1
824793,99,3
1676991,99,4
1563935,99,1
678022,99,4
1192459,99,2
2633254,99,1
322451,99,1
818752,99,3
2462042,99,3
192519,99,3
1828803,99,3
184178,99,2
110049,99,4
2222864,99,2
78867,99,3
767958,99,1
1644531,99,3
2055966,99,3
736125,99,3
2617405,99,3
899232,98,2
316716,98,4
1573271,98,4
982710,98,2
1405978,98,5
1430466,98,5
330379,98,4
1947922,98,5
2256054,98,5
2377770,98,4
2375091,98,3
142406,98,4
2494367,98,5
424883,98,4
2120046,98,5
356801,98,3
1363515,98,4
1775841,98,4
1572555,98,1
1154225,98,3
2308991,98,5
759290,98,4
2114931,98,4
1086061,98,4
1534723,98,5
683881,98,4
1915462,98,4
39024,98,3
792534,98,4
1199337,98,5
445227,98,5
1509576,98,4
309713,98,3
2514357,98,3
1853299,98,5
1048749,98,3
236160,98,3
1855996,98,5
507603,98,3
42791,98,4
1240145,98,5
463055,98,3
381588,98,4
815327,98,5
719023,98,4
2129835,86,1
447223,86,2
592010,86,3
1404971,86,3
2296924,86,4
2625420,86,1
2454576,86,2
12451,86,1
47411,86,3
2179629,86,1
761609,86,1
1204853,86,1
693720,86,1
2604824,86,3
1981837,86,2
1969230,86,1
1396068,86,2
872921,86,3
1765321,86,3
1624875,86,2
2457749,86,1
326615,86,3
2188731,86,3
779336,86,5
387341,86,4
401422,86,1
1527527,86,3
554557,86,1
2439493,86,1
314044,86,1
1981291,86,1
2294895,86,1
540379,86,1
2496985,86,4
871329,86,1
594014,86,1
2091736,86,4
640743,86,1
33899,86,1
1760049,86,1
2038707,86,2
620310,86,1
2263751,86,2
1411236,86,2
1708403,86,1
1997470,67,2
1608985,67,3
2571254,67,3
184311,67,3
2088663,67,3
317060,67,4
19132,67,1
2439795,67,4
2434480,67,2
1830096,67,3
262411,67,3
670658,67,1
119496,67,5
303948,67,2
1694860,67,3
39526,67,1
1126624,67,2
1114339,67,3
1181550,67,2
99889,67,1
1064007,67,3
1916402,67,4
738657,67,2
2539639,67,1
2307923,67,4
530026,67,2
2390783,67,2
2404146,67,4
958758,67,1
1787989,67,3
1596147,67,1
1022903,67,2
472061,67,3
680132,67,4
155342,67,1
197920,67,1
1168738,67,3
2573207,67,1
1001129,67,2
166053,67,3
1911274,67,1
1690251,67,3
2247402,67,4
322874,67,1
829724,67,2
887273,19,3
1294425,19,5
693789,19,4
1938950,19,2
193052,19,4
2052745,19,5
65147,19,4
179398,19,3
2576696,19,1
2568401,19,4
1984086,19,4
1090465,19,3
1205526,19,5
322178,19,1
45333,19,4
1686423,19,3
2484906,19,4
1224299,19,3
236351,19,5
1995838,19,3
2361406,19,3
1962405,19,4
2201036,19,4
1142214,19,4
301697,19,4
2240248,19,2
666648,19,5
228207,19,3
1943107,19,3
692694,19,3
43751,19,4
2105661,19,5
1105390,19,3
2015165,19,3
2266083,19,3
11393,19,2
2589565,19,2
401047,19,3
257315,19,3
1616522,19,4
1416836,19,1
1066570,19,5
757142,19,3
432125,19,3
2001187,19,5
903692,36,3
1483986,36,5
1992227,36,1
1614320,36,2
2479359,36,3
388669,36,2
989704,36,1
1616285,36,4
2609870,36,1
47226,36,3
1811019,36,3
1555902,36,2
2535052,36,3
657006,36,3
1947963,36,3
2367508,36,3
441153,36,1
2155186,36,3
2026560,36,3
1923441,36,3
1206421,36,4
1626546,36,4
2257979,36,2
268148,36,4
785017,36,2
269808,36,5
788994,36,3
862234,36,4
2422592,36,3
825966,36,3
224358,36,5
158001,36,3
413603,36,1
2200645,36,4
1380167,36,5
303948,36,3
1362065,36,2
734508,36,3
29113,36,3
338687,36,3
2000047,36,4
2160223,36,2
1233010,36,1
1030669,36,3
848091,36,3
640910,73,5
853261,73,5
693789,73,5
1905780,73,5
1022388,73,4
247794,73,4
2179335,73,5
2551764,73,4
2625420,73,2
908205,73,3
932596,73,4
1712923,73,4
2536720,73,4
444983,73,5
76641,73,5
327179,73,4
268049,73,2
1520226,73,4
1771587,73,4
895893,73,4
303948,73,4
558634,73,4
2298764,73,5
2600558,73,3
1616406,73,4
2088489,73,4
141745,73,3
2320969,73,5
125296,73,4
565860,73,5
245808,73,3
2132276,73,4
2050389,73,5
86365,73,5
1673185,73,4
1273429,73,4
264856,73,5
279960,73,3
1027819,73,3
1187949,73,3
2587367,73,3
929308,73,4
1313694,73,4
1262791,73,3
2133136,73,4
205706,79,4
712664,79,5
1990901,79,5
1500738,79,3
306466,79,4
477388,79,3
1365892,79,3
765331,79,5
1945809,79,4
1109700,79,4
2445646,79,3
1331887,79,4
2543544,79,4
1172232,79,4
117277,79,3
779760,79,5
2211758,79,2
1081270,79,5
146851,79,4
644827,79,4
412196,79,3
238407,79,3
716091,79,4
1273567,79,4
1046323,79,3
876388,79,4
1213299,79,4
1907667,79,4
454849,79,4
2380973,79,3
14690,79,3
1543292,79,4
1696725,79,5
2370740,79,5
247794,79,4
1831407,79,4
341804,79,4
32785,79,4
966375,79,4
2124477,79,5
656418,79,3
1672960,79,5
989704,79,2
2514465,79,2
1242757,79,4
716091,83,3
2059652,83,4
554875,83,2
2366565,83,4
306466,83,4
1966165,83,5
2187278,83,4
765331,83,3
2480084,83,2
1945809,83,2
1116671,83,4
276813,83,4
1815364,83,4
1794216,83,4
1109700,83,2
1488844,83,3
1208186,83,4
1712147,83,5
56069,83,3
1331887,83,5
577397,83,3
504233,83,4
1667981,83,3
369430,83,4
844736,83,4
42362,83,4
2569320,83,3
779760,83,4
2314362,83,4
1635484,83,4
273292,83,3
656399,83,3
1503415,83,4
1174530,83,4
1864095,83,4
2385934,83,4
636892,83,4
1778851,83,4
1761162,83,4
848443,83,4
542786,83,4
829326,83,4
616720,83,4
2541216,83,4
66358,83,4
1065039,4,3
1544320,4,1
410199,4,5
732556,4,3
1201419,4,1
668811,4,1
303948,4,2
2418760,4,4
848193,4,4
950078,4,5
1519860,4,3
1695221,4,5
757837,4,3
863898,4,1
1893150,4,5
1465754,4,3
1130594,4,5
2359084,4,3
592684,4,5
2439493,4,1
156319,4,2
1664020,4,2
327721,4,4
1962074,4,2
1278643,4,1
240779,4,4
578237,4,2
1584876,4,2
1773727,4,3
2468305,4,1
2111656,4,5
721992,4,4
1396036,4,3
2144266,4,3
929092,4,3
1840165,4,1
2415196,4,1
1419978,4,5
1839246,4,1
1807693,4,2
2404644,4,3
2434289,4,2
679555,4,5
1768736,4,3
1207913,4,2
1697479,91,4
2321468,91,5
160876,91,5
2477414,91,5
589967,91,5
2084362,91,4
1688444,91,3
264160,91,5
973736,91,3
1213587,91,5
957447,91,5
1023086,91,5
17063,91,5
1310327,91,4
2071795,91,3
1526028,91,3
130439,91,5
659037,91,5
161395,91,4
112320,91,5
81608,91,3
937274,91,3
1712750,91,4
809943,91,4
1976523,91,3
2624371,91,5
1148739,91,4
1232166,91,5
1545466,91,3
2491620,91,3
1920472,91,5
691997,91,4
906901,91,5
215393,91,3
482328,91,5
601098,91,5
1122571,91,5
545781,91,5
2119007,91,5
2004644,91,5
1564058,91,4
970115,91,4
847167,91,3
314110,91,5
1784150,91,1
712664,89,2
928743,89,2
1331887,89,2
166830,89,2
339448,89,3
530441,89,2
1809002,89,2
1850405,89,4
2338545,89,2
2349833,89,2
1543292,89,2
823925,89,4
771275,89,4
2296924,89,3
76196,89,2
1564092,89,2
1648646,89,2
218097,89,4
2143489,89,1
1650301,89,2
1329182,89,4
987345,89,3
2610157,89,1
515712,89,4
543865,89,4
652356,89,2
279482,89,4
1984086,89,2
29395,89,4
1059927,89,3
644476,89,3
1830096,89,4
1910203,89,2
214174,89,4
1832262,89,2
2541025,89,1
248039,89,3
373119,89,2
2230067,89,3
612544,89,3
1058639,89,3
872028,89,1
2186942,89,3
198814,89,1
1933644,89,2
635363,61,5
950827,61,3
834184,61,3
1297458,61,3
1409485,61,3
1445871,61,2
1471457,61,3
442234,61,3
1987706,61,2
1972563,61,5
1608683,61,1
565700,61,3
279120,61,2
1680135,61,3
2434666,61,3
1356015,61,4
49585,61,1
1709921,61,3
1272379,61,1
1529500,61,3
975199,61,1
2614862,61,4
272699,61,3
328223,61,3
830662,61,1
280327,61,3
2359084,61,3
397407,61,2
2439493,61,1
65197,61,1
472452,61,3
368070,61,2
922459,61,1
710565,61,3
2458526,61,3
1799734,61,4
1193515,61,3
323182,61,4
1395008,61,5
202678,61,1
1237493,61,3
139991,61,3
423204,61,3
2220492,61,2
596995,61,3
2285616,51,3
428170,51,2
358544,51,4
649969,51,5
63286,51,5
420350,51,5
119986,51,5
958563,51,4
1358962,51,4
90498,51,5
793564,51,5
2169328,51,2
2439493,51,4
2530263,51,5
2589056,51,1
2211318,51,3
1631593,51,3
1890865,51,3
2375241,51,5
2586626,51,4
1817781,51,3
433907,51,5
1573228,51,2
760733,51,2
37432,51,5
2401147,51,3
1119695,51,3
2179083,51,4
1357823,51,4
138153,51,3
737081,51,1
342895,51,4
1051046,51,5
795536,51,2
732571,51,5
680723,51,5
946335,51,5
2291306,51,1
651160,51,5
381563,51,3
847444,51,4
1588486,51,1
1514430,51,1
139445,51,1
1370479,51,4
1990901,57,2
1987434,57,4
1401310,57,4
1369425,57,4
223752,57,3
785314,57,5
1276913,57,4
1739854,57,5
93489,57,4
390508,57,4
1191521,57,4
1744889,57,3
1242432,57,3
1163218,57,3
66358,57,4
193223,57,3
1907667,57,4
1678485,57,2
326587,57,3
149439,57,4
497196,57,2
1674828,57,3
327122,57,5
1540303,57,4
524654,57,4
481668,57,4
661114,57,3
754781,57,5
67315,57,5
2433239,57,3
1427,57,4
574843,57,4
1148713,57,4
1893705,57,4
881409,57,5
2609870,57,1
603277,57,3
184311,57,4
937603,57,5
2029829,57,5
2267507,57,5
1574266,57,3
1813349,57,4
1935969,57,3
2482518,57,5
41412,88,4
1735266,88,4
1294425,88,4
1651307,88,3
1752360,88,4
229944,88,5
273084,88,1
874115,88,3
705603,88,5
264160,88,5
2625420,88,2
853484,88,5
2179335,88,2
1650301,88,1
644835,88,5
113677,88,3
502355,88,3
938911,88,4
294993,88,3
2322468,88,3
1013930,88,3
47411,88,3
1843756,88,4
2604908,88,1
1711859,88,5
1676762,88,4
2043200,88,5
200255,88,5
709342,88,4
1728673,88,4
42585,88,5
303948,88,5
633894,88,5
1155253,88,5
806909,88,5
444370,88,3
736824,88,4
2180261,88,3
165698,88,1
2595345,88,3
1681133,88,4
2578372,88,5
95851,88,5
929308,88,4
2584584,88,4
2059652,2,4
1666394,2,3
1759415,2,4
1959936,2,5
998862,2,4
2625420,2,2
573975,2,3
392722,2,4
1401650,2,4
988104,2,3
977632,2,4
2557870,2,4
1793899,2,5
1340535,2,5
1888322,2,5
1283598,2,3
1784150,2,4
2271251,2,5
65932,2,3
1828884,2,5
1878728,2,4
1922778,2,3
1176404,2,4
2265116,2,3
1078701,2,4
1832577,2,4
748922,2,5
1013802,2,1
1131325,2,2
2244378,2,4
494639,2,2
636262,2,1
1903158,2,4
220427,2,4
2439493,2,1
2225116,2,4
1445632,2,5
2592823,2,4
1288603,2,5
2556926,2,3
1190070,2,4
1312846,2,3
2226229,2,3
1563935,2,1
69809,2,5
951709,7,2
585247,7,1
2625420,7,2
2322468,7,3
2056324,7,2
1969230,7,4
90021,7,2
2082629,7,4
1876156,7,1
1359575,7,2
1146420,7,1
2439493,7,1
1387662,7,1
2419914,7,3
2496985,7,3
1691161,7,1
1596531,7,3
1876520,7,1
697116,7,3
1550847,7,4
767958,7,3
1854399,7,1
420528,7,1
1596032,7,1
1664010,7,3
2327480,7,1
1476270,7,2
1698085,7,1
687348,7,2
507140,7,2
1901461,7,1
1283426,7,5
519295,7,2
1254945,7,4
420332,7,2
491531,7,5
2119505,7,2
1587132,7,3
2503230,7,2
1737549,7,2
1738189,7,2
870526,7,3
798296,7,1
1029108,7,1
2610950,7,3
1329923,9,2
2472537,9,2
403531,9,5
635607,9,1
1520914,9,3
1808930,9,1
525356,9,1
570414,9,1
1001129,9,2
1441263,9,3
257294,9,1
235789,9,4
2098474,9,2
851702,9,3
1448475,9,2
1496080,9,4
2437650,9,5
1314869,9,3
2237185,9,3
1166912,9,3
836997,9,4
1034714,9,1
2606391,9,2
1793159,9,2
2345098,9,1
2576843,9,3
1436357,9,2
2618515,9,3
2133551,9,1
2330985,9,1
1815588,9,1
110177,9,2
85747,9,3
1566860,9,2
760481,9,2
2445481,9,1
1015048,9,3
797951,9,2
1495111,9,2
1628830,9,4
603349,9,5
1664010,9,3
263823,9,2
733491,9,1
1817470,9,5
