1,17	NaN,1
1,23	NaN,1
1,5	NaN,1
1,62	NaN,1
1,62	1.0,2
1,74	NaN,1
1,80	NaN,1
1,83	NaN,1
1,89	NaN,1
10,11	NaN,1
10,2	NaN,1
10,20	NaN,1
10,38	NaN,1
10,38	-1.0,2
10,50	NaN,1
10,50	NaN,2
10,59	NaN,1
10,62	NaN,1
10,68	NaN,1
10,74	NaN,1
10,89	NaN,1
100,10	NaN,1
100,2	NaN,1
100,22	NaN,1
100,25	NaN,1
100,37	NaN,1
100,37	1.0,2
100,43	NaN,1
100,43	NaN,2
100,64	NaN,1
100,64	NaN,2
100,70	NaN,1
100,88	NaN,1
11,1	NaN,1
11,10	NaN,1
11,10	NaN,2
11,22	NaN,1
11,4	NaN,1
11,43	NaN,1
11,43	1.0,2
11,67	NaN,1
11,7	NaN,1
11,73	NaN,1
12,21	NaN,1
12,24	NaN,1
12,27	NaN,1
12,36	NaN,1
12,54	NaN,1
12,63	NaN,1
12,63	-1.0,2
12,63	-0.9999999999999998,3
12,75	NaN,1
12,90	NaN,1
12,90	NaN,2
12,90	-0.1889822365046136,3
12,90	0.5816750507471109,4
12,90	0.5504818825631803,5
12,90	0.5494422557947561,6
12,90	0.5487032611687344,7
12,90	0.5163977794943222,8
12,90	0.6638649987468759,9
12,96	NaN,1
13,5	NaN,1
13,53	NaN,1
14,22	NaN,1
14,37	NaN,1
14,37	1.0,2
14,4	NaN,1
14,43	NaN,1
14,46	NaN,1
14,64	NaN,1
14,67	NaN,1
14,7	NaN,1
15,12	NaN,1
15,63	NaN,1
15,90	NaN,1
15,90	1.0,2
16,17	NaN,1
16,26	NaN,1
16,29	NaN,1
16,47	NaN,1
16,53	NaN,1
16,68	NaN,1
16,68	NaN,2
16,77	NaN,1
16,83	NaN,1
16,83	NaN,2
16,89	NaN,1
16,89	NaN,2
17,28	NaN,1
17,40	NaN,1
17,40	NaN,2
17,58	NaN,1
17,58	NaN,2
17,76	NaN,1
17,76	NaN,2
18,21	NaN,1
18,24	NaN,1
18,3	NaN,1
18,3	1.0,2
18,45	NaN,1
18,48	NaN,1
18,48	NaN,2
18,57	NaN,1
18,57	-1.0,2
18,57	-0.6546536707079772,3
18,78	NaN,1
18,78	NaN,2
18,81	NaN,1
19,11	NaN,1
19,23	NaN,1
19,23	NaN,2
19,29	NaN,1
19,44	NaN,1
19,47	NaN,1
19,50	NaN,1
19,59	NaN,1
19,74	NaN,1
2,100	NaN,1
2,22	NaN,1
2,25	NaN,1
2,37	NaN,1
2,4	NaN,1
2,43	NaN,1
2,43	1.0,2
2,61	NaN,1
2,7	NaN,1
2,88	NaN,1
2,91	NaN,1
20,1	NaN,1
20,22	NaN,1
20,25	NaN,1
20,37	NaN,1
20,4	NaN,1
20,43	NaN,1
20,43	1.0,2
20,88	NaN,1
21,42	NaN,1
21,45	NaN,1
21,51	NaN,1
21,54	NaN,1
21,60	NaN,1
21,63	NaN,1
21,66	NaN,1
21,69	NaN,1
21,72	NaN,1
21,75	NaN,1
21,87	NaN,1
21,93	NaN,1
21,99	NaN,1
22,23	NaN,1
22,65	NaN,1
23,1	NaN,1
23,10	NaN,1
23,25	NaN,1
23,37	NaN,1
23,43	NaN,1
23,7	NaN,1
23,73	NaN,1
23,76	NaN,1
23,79	NaN,1
23,88	NaN,1
23,91	NaN,1
23,91	-1.0,2
23,94	NaN,1
24,18	NaN,1
24,21	NaN,1
24,21	NaN,2
24,45	NaN,1
24,54	NaN,1
24,57	NaN,1
24,57	-1.0,2
24,6	NaN,1
24,75	NaN,1
24,78	NaN,1
24,84	NaN,1
24,9	NaN,1
24,90	NaN,1
25,29	NaN,1
25,47	NaN,1
25,59	NaN,1
25,68	NaN,1
25,68	NaN,2
25,71	NaN,1
25,83	NaN,1
25,89	NaN,1
26,58	NaN,1
26,58	NaN,2
26,58	0.9999999999999998,3
26,76	NaN,1
27,21	NaN,1
27,42	NaN,1
27,63	NaN,1
27,63	1.0,2
27,69	NaN,1
27,78	NaN,1
27,9	NaN,1
27,99	NaN,1
28,14	NaN,1
28,44	NaN,1
28,44	1.0,2
28,44	0.9958705948858224,3
28,47	NaN,1
28,68	NaN,1
28,77	NaN,1
28,77	1.0,2
28,77	0.960768922830523,3
28,8	NaN,1
28,83	NaN,1
28,83	NaN,2
28,86	NaN,1
29,19	NaN,1
29,4	NaN,1
29,55	NaN,1
29,61	NaN,1
29,76	NaN,1
29,79	NaN,1
3,36	NaN,1
3,57	NaN,1
3,57	NaN,2
3,6	NaN,1
3,60	NaN,1
3,63	NaN,1
3,72	NaN,1
3,78	NaN,1
30,18	NaN,1
30,18	-1.0,2
30,18	-0.9999999999999998,3
30,18	-1.0,4
30,3	NaN,1
30,45	NaN,1
30,78	NaN,1
30,78	1.0,2
30,81	NaN,1
30,84	NaN,1
36,12	NaN,1
36,57	NaN,1
37,2	NaN,1
37,53	NaN,1
37,59	NaN,1
37,62	NaN,1
37,68	NaN,1
37,74	NaN,1
37,86	NaN,1
37,92	NaN,1
38,25	NaN,1
38,37	NaN,1
38,43	NaN,1
38,46	NaN,1
38,61	NaN,1
38,67	NaN,1
38,88	NaN,1
39,6	NaN,1
4,11	NaN,1
4,14	NaN,1
4,74	NaN,1
40,26	NaN,1
40,26	NaN,2
41,1	NaN,1
41,1	NaN,2
41,13	NaN,1
41,22	NaN,1
41,37	NaN,1
41,37	1.0,2
41,4	NaN,1
41,43	NaN,1
41,43	1.0,2
41,43	0.0,3
41,43	0.17407765595569785,4
41,49	NaN,1
41,64	NaN,1
41,64	1.0,2
41,64	0.8660254037844387,3
41,67	NaN,1
41,67	NaN,2
41,67	0.9999999999999998,3
41,7	NaN,1
41,82	NaN,1
41,94	NaN,1
42,21	NaN,1
42,3	NaN,1
42,51	NaN,1
42,54	NaN,1
42,60	NaN,1
42,60	1.0,2
42,63	NaN,1
42,66	NaN,1
42,69	NaN,1
42,72	NaN,1
42,75	NaN,1
42,75	1.0,2
42,75	0.944911182523068,3
42,87	NaN,1
42,93	NaN,1
43,100	NaN,1
43,100	1.0,2
43,14	NaN,1
43,41	NaN,1
43,53	NaN,1
43,59	NaN,1
43,68	NaN,1
43,98	NaN,1
44,1	NaN,1
44,1	1.0,2
44,28	NaN,1
44,28	-1.0,2
44,28	-0.8660254037844387,3
44,46	NaN,1
44,46	1.0,2
44,46	0.7559289460184544,3
44,55	NaN,1
44,55	NaN,2
44,58	NaN,1
44,58	NaN,2
44,76	NaN,1
44,79	NaN,1
44,79	1.0,2
44,88	NaN,1
45,18	NaN,1
45,24	NaN,1
45,39	NaN,1
45,48	NaN,1
45,48	1.0,2
45,57	NaN,1
45,57	NaN,2
45,78	NaN,1
45,78	-1.0,2
45,84	NaN,1
45,99	NaN,1
46,26	NaN,1
46,44	NaN,1
46,44	NaN,2
46,77	NaN,1
46,77	1.0,2
46,77	0.3273268353539886,3
46,77	0.3458572319330373,4
46,77	0.3563483225498992,5
46,83	NaN,1
46,83	NaN,2
46,83	NaN,3
46,83	-0.33333333333333337,4
47,16	NaN,1
47,16	1.0,2
47,25	NaN,1
47,28	NaN,1
47,46	NaN,1
47,52	NaN,1
47,55	NaN,1
47,55	NaN,2
47,55	0.4999999999999999,3
47,58	NaN,1
47,58	NaN,2
47,73	NaN,1
47,73	NaN,2
47,76	NaN,1
47,76	NaN,2
47,76	0.5,3
47,79	NaN,1
47,79	NaN,2
47,79	NaN,3
47,88	NaN,1
47,97	NaN,1
47,97	1.0,2
48,18	NaN,1
48,18	1.0,2
48,18	0.8660254037844387,3
48,27	NaN,1
48,30	NaN,1
48,45	NaN,1
48,57	NaN,1
48,78	NaN,1
48,78	NaN,2
48,84	NaN,1
48,84	1.0,2
48,84	0.4999999999999999,3
49,68	NaN,1
5,1	NaN,1
5,25	NaN,1
5,28	NaN,1
5,37	NaN,1
5,67	NaN,1
5,76	NaN,1
5,91	NaN,1
5,91	NaN,2
5,91	0.4999999999999999,3
5,91	0.5773502691896258,4
5,91	0.6123724356957946,5
50,19	NaN,1
50,25	NaN,1
50,25	NaN,2
50,28	NaN,1
50,37	NaN,1
50,37	1.0,2
50,43	NaN,1
50,46	NaN,1
50,58	NaN,1
50,61	NaN,1
50,76	NaN,1
50,79	NaN,1
50,82	NaN,1
50,82	NaN,2
50,88	NaN,1
50,88	1.0,2
50,88	0.9819805060619657,3
51,72	NaN,1
51,78	NaN,1
52,14	NaN,1
52,17	NaN,1
52,26	NaN,1
52,29	NaN,1
52,56	NaN,1
52,77	NaN,1
52,77	NaN,2
52,8	NaN,1
52,83	NaN,1
52,83	NaN,2
52,98	NaN,1
53,22	NaN,1
53,4	NaN,1
53,43	NaN,1
53,76	NaN,1
54,21	NaN,1
54,51	NaN,1
54,63	NaN,1
54,63	1.0,2
54,63	0.9819805060619657,3
54,72	NaN,1
55,17	NaN,1
55,23	NaN,1
55,26	NaN,1
55,29	NaN,1
55,47	NaN,1
55,53	NaN,1
55,74	NaN,1
55,77	NaN,1
55,77	-1.0,2
55,77	-0.4999999999999999,3
55,77	-0.33333333333333337,4
55,77	0.4999999999999999,5
55,77	0.6470588235294118,6
55,83	NaN,1
55,83	NaN,2
55,83	0.4999999999999999,3
56,25	NaN,1
56,52	NaN,1
56,61	NaN,1
57,12	NaN,1
57,18	NaN,1
57,3	NaN,1
57,3	1.0,2
57,3	0.5000000000000001,3
57,30	NaN,1
57,30	-1.0,2
57,30	-1.0000000000000002,3
57,45	NaN,1
57,63	NaN,1
57,78	NaN,1
57,84	NaN,1
58,14	NaN,1
58,26	NaN,1
58,44	NaN,1
58,44	1.0,2
58,47	NaN,1
58,53	NaN,1
58,77	NaN,1
58,77	NaN,2
58,8	NaN,1
58,83	NaN,1
59,10	NaN,1
59,22	NaN,1
59,25	NaN,1
59,37	NaN,1
59,4	NaN,1
59,43	NaN,1
6,3	NaN,1
6,57	NaN,1
6,57	NaN,2
6,60	NaN,1
60,18	NaN,1
60,27	NaN,1
60,51	NaN,1
60,54	NaN,1
60,63	NaN,1
60,69	NaN,1
60,72	NaN,1
60,75	NaN,1
61,100	NaN,1
61,11	NaN,1
61,14	NaN,1
61,20	NaN,1
61,41	NaN,1
61,44	NaN,1
61,53	NaN,1
61,59	NaN,1
61,86	NaN,1
61,95	NaN,1
62,1	NaN,1
62,37	NaN,1
62,37	1.0,2
62,43	NaN,1
62,49	NaN,1
62,52	NaN,1
62,64	NaN,1
62,67	NaN,1
62,94	NaN,1
63,12	NaN,1
63,51	NaN,1
63,54	NaN,1
63,72	NaN,1
63,90	NaN,1
63,90	NaN,2
63,90	NaN,3
64,100	NaN,1
64,41	NaN,1
64,53	NaN,1
64,89	NaN,1
65,37	NaN,1
65,64	NaN,1
66,12	NaN,1
66,51	NaN,1
66,54	NaN,1
66,60	NaN,1
66,60	1.0,2
66,63	NaN,1
66,69	NaN,1
66,72	NaN,1
66,75	NaN,1
66,9	NaN,1
66,9	NaN,2
66,9	NaN,3
67,11	NaN,1
67,14	NaN,1
67,5	NaN,1
67,65	NaN,1
67,65	NaN,2
67,74	NaN,1
67,89	NaN,1
68,37	NaN,1
68,58	NaN,1
68,76	NaN,1
68,79	NaN,1
68,91	NaN,1
69,51	NaN,1
69,54	NaN,1
69,63	NaN,1
69,72	NaN,1
7,2	NaN,1
7,20	NaN,1
7,20	1.0,2
7,38	NaN,1
7,41	NaN,1
7,41	1.0,2
7,50	NaN,1
7,53	NaN,1
7,53	1.0,2
7,59	NaN,1
7,59	1.0,2
7,68	NaN,1
7,74	NaN,1
7,86	NaN,1
70,17	NaN,1
70,77	NaN,1
71,10	NaN,1
71,25	NaN,1
71,25	1.0,2
71,25	1.0,3
71,37	NaN,1
71,43	NaN,1
71,49	NaN,1
71,52	NaN,1
71,52	1.0,2
71,7	NaN,1
71,88	NaN,1
72,3	NaN,1
72,9	NaN,1
72,99	NaN,1
73,100	NaN,1
73,14	NaN,1
73,2	NaN,1
73,20	NaN,1
73,29	NaN,1
73,38	NaN,1
73,47	NaN,1
73,50	NaN,1
73,50	NaN,2
73,50	0.4999999999999999,3
73,59	NaN,1
73,68	NaN,1
73,71	NaN,1
73,74	NaN,1
73,86	NaN,1
74,1	NaN,1
74,16	NaN,1
74,25	NaN,1
74,25	1.0,2
74,37	NaN,1
74,37	1.0,2
74,43	NaN,1
74,43	NaN,2
74,43	0.4999999999999999,3
74,49	NaN,1
74,73	NaN,1
74,88	NaN,1
74,88	1.0,2
74,91	NaN,1
74,94	NaN,1
75,21	NaN,1
75,21	NaN,2
75,51	NaN,1
75,54	NaN,1
75,54	1.0,2
75,60	NaN,1
75,63	NaN,1
75,69	NaN,1
75,72	NaN,1
76,23	NaN,1
76,29	NaN,1
76,44	NaN,1
76,47	NaN,1
76,47	-1.0,2
76,47	-0.9999999999999998,3
76,47	-0.22941573387056174,4
76,68	NaN,1
76,77	NaN,1
76,83	NaN,1
76,83	1.0,2
76,89	NaN,1
77,16	NaN,1
77,16	1.0,2
77,16	0.9999999999999998,3
77,16	1.0000000000000002,4
77,28	NaN,1
77,28	NaN,2
77,28	0.4999999999999999,3
77,28	0.6882472016116852,4
77,28	0.8461141122266493,5
77,46	NaN,1
77,46	NaN,2
77,46	NaN,3
77,46	NaN,4
77,46	-0.46770717334674267,5
77,46	-0.25537695922762454,6
77,46	-0.259888849094526,7
77,46	-0.2886751345948129,8
77,55	NaN,1
77,58	NaN,1
77,58	-1.0,2
77,58	-0.9999999999999998,3
77,58	-1.0000000000000002,4
77,58	-0.25,5
77,58	0.38851434494290565,6
77,58	0.36661778755338326,7
77,58	0.0,8
77,79	NaN,1
77,79	-1.0,2
77,79	-0.9999999999999998,3
78,18	NaN,1
78,18	NaN,2
78,24	NaN,1
78,57	NaN,1
78,57	NaN,2
78,75	NaN,1
78,81	NaN,1
79,17	NaN,1
79,26	NaN,1
79,44	NaN,1
79,44	NaN,2
79,44	0.9999999999999998,3
79,47	NaN,1
79,47	NaN,2
79,47	NaN,3
79,47	NaN,4
79,53	NaN,1
79,56	NaN,1
79,71	NaN,1
79,77	NaN,1
79,77	NaN,2
79,83	NaN,1
79,83	NaN,2
79,83	0.4999999999999999,3
79,89	NaN,1
79,89	NaN,2
8,28	NaN,1
8,28	NaN,2
8,28	0.4999999999999999,3
8,40	NaN,1
8,46	NaN,1
8,46	1.0,2
8,52	NaN,1
8,52	-1.0,2
80,37	NaN,1
80,49	NaN,1
80,58	NaN,1
80,64	NaN,1
80,67	NaN,1
80,76	NaN,1
80,79	NaN,1
80,82	NaN,1
81,12	NaN,1
81,90	NaN,1
81,96	NaN,1
82,100	NaN,1
82,11	NaN,1
82,14	NaN,1
82,2	NaN,1
82,20	NaN,1
82,41	NaN,1
82,47	NaN,1
82,50	NaN,1
82,50	NaN,2
82,53	NaN,1
82,53	NaN,2
82,59	NaN,1
82,80	NaN,1
82,80	1.0,2
82,86	NaN,1
83,16	NaN,1
83,16	1.0,2
83,46	NaN,1
83,46	NaN,2
83,46	0.8660254037844387,3
83,46	0.30151134457776363,4
83,46	0.10206207261596577,5
83,46	-0.43000658178376583,6
83,52	NaN,1
83,55	NaN,1
83,58	NaN,1
83,58	NaN,2
83,58	0.4999999999999999,3
83,58	0.30151134457776363,4
83,79	NaN,1
83,79	-1.0,2
83,79	-0.4999999999999999,3
83,79	0.13245323570650439,4
83,82	NaN,1
83,97	NaN,1
83,97	NaN,2
84,12	NaN,1
84,27	NaN,1
84,45	NaN,1
84,48	NaN,1
84,48	NaN,2
84,57	NaN,1
84,6	NaN,1
84,63	NaN,1
84,81	NaN,1
84,93	NaN,1
84,99	NaN,1
85,59	NaN,1
86,10	NaN,1
86,22	NaN,1
86,25	NaN,1
86,37	NaN,1
86,37	NaN,2
86,4	NaN,1
86,43	NaN,1
86,43	NaN,2
86,7	NaN,1
86,7	1.0,2
86,7	0.0,3
86,70	NaN,1
86,88	NaN,1
87,21	NaN,1
87,27	NaN,1
87,42	NaN,1
87,51	NaN,1
87,51	NaN,2
87,54	NaN,1
87,60	NaN,1
87,63	NaN,1
87,66	NaN,1
87,69	NaN,1
87,72	NaN,1
87,75	NaN,1
87,9	NaN,1
87,93	NaN,1
88,11	NaN,1
88,14	NaN,1
88,29	NaN,1
88,47	NaN,1
88,5	NaN,1
88,5	1.0,2
88,5	0.8660254037844388,3
88,59	NaN,1
88,68	NaN,1
88,68	-1.0,2
88,74	NaN,1
88,86	NaN,1
88,89	NaN,1
89,19	NaN,1
89,46	NaN,1
89,55	NaN,1
89,55	NaN,2
89,70	NaN,1
89,79	NaN,1
9,21	NaN,1
9,27	NaN,1
9,42	NaN,1
9,6	NaN,1
9,60	NaN,1
9,60	-1.0,2
9,69	NaN,1
9,75	NaN,1
9,87	NaN,1
90,12	NaN,1
90,12	NaN,2
90,12	NaN,3
90,12	NaN,4
90,12	-0.8017837257372732,5
90,12	0.27050089040022973,6
90,12	0.4183300132670378,7
90,12	0.6466697906828633,8
90,12	0.6893587725135435,9
90,21	NaN,1
90,24	NaN,1
90,36	NaN,1
90,54	NaN,1
90,75	NaN,1
90,9	NaN,1
90,96	NaN,1
91,5	NaN,1
91,5	NaN,2
91,92	NaN,1
92,22	NaN,1
92,4	NaN,1
92,43	NaN,1
92,61	NaN,1
92,67	NaN,1
92,7	NaN,1
92,82	NaN,1
92,91	NaN,1
92,91	1.0,2
92,91	1.0,3
93,51	NaN,1
93,54	NaN,1
93,60	NaN,1
93,63	NaN,1
93,66	NaN,1
93,69	NaN,1
93,72	NaN,1
93,75	NaN,1
94,100	NaN,1
94,2	NaN,1
94,20	NaN,1
94,23	NaN,1
94,38	NaN,1
94,50	NaN,1
94,59	NaN,1
94,62	NaN,1
94,68	NaN,1
94,71	NaN,1
94,74	NaN,1
94,80	NaN,1
94,86	NaN,1
95,46	NaN,1
95,67	NaN,1
96,12	NaN,1
96,45	NaN,1
96,57	NaN,1
96,6	NaN,1
96,63	NaN,1
97,44	NaN,1
97,47	NaN,1
97,56	NaN,1
97,71	NaN,1
97,77	NaN,1
97,83	NaN,1
99,36	NaN,1
99,42	NaN,1
99,51	NaN,1
99,54	NaN,1
99,60	NaN,1
99,60	NaN,2
99,63	NaN,1
99,63	NaN,2
99,66	NaN,1
99,69	NaN,1
99,72	NaN,1
99,75	NaN,1
99,87	NaN,1
99,90	NaN,1
99,93	NaN,1
99,93	NaN,2
1,21	NaN,1
1,81	NaN,1
1,84	NaN,1
1,93	NaN,1
1,96	NaN,1
10,27	NaN,1
10,27	1.0,2
10,6	NaN,1
10,63	NaN,1
10,63	1.0,2
10,72	NaN,1
10,99	NaN,1
100,20	NaN,1
100,38	NaN,1
100,41	NaN,1
100,41	1.0,2
100,50	NaN,1
100,53	NaN,1
100,53	1.0,2
100,59	NaN,1
100,68	NaN,1
100,74	NaN,1
100,9	NaN,1
11,100	NaN,1
11,14	NaN,1
11,14	1.0,2
11,20	NaN,1
11,41	NaN,1
11,53	NaN,1
11,59	NaN,1
11,62	NaN,1
11,62	NaN,2
11,71	NaN,1
11,86	NaN,1
11,98	NaN,1
12,16	NaN,1
12,43	NaN,1
12,55	NaN,1
12,58	NaN,1
12,73	NaN,1
12,73	1.0,2
12,73	0.9999999999999998,3
12,76	NaN,1
12,82	NaN,1
12,88	NaN,1
14,100	NaN,1
14,20	NaN,1
14,20	NaN,2
14,41	NaN,1
14,53	NaN,1
14,59	NaN,1
14,62	NaN,1
14,65	NaN,1
14,74	NaN,1
14,86	NaN,1
15,82	NaN,1
16,12	NaN,1
16,18	NaN,1
16,3	NaN,1
16,45	NaN,1
16,45	NaN,2
16,48	NaN,1
16,48	1.0,2
16,57	NaN,1
16,57	NaN,2
16,57	-0.8660254037844387,3
16,6	NaN,1
16,63	NaN,1
16,78	NaN,1
16,78	NaN,2
16,78	NaN,3
16,78	NaN,4
16,81	NaN,1
16,90	NaN,1
16,96	NaN,1
17,26	NaN,1
17,26	1.0,2
17,26	0.944911182523068,3
17,26	0.9428090415820635,4
17,53	NaN,1
17,74	NaN,1
17,8	NaN,1
17,80	NaN,1
17,83	NaN,1
17,89	NaN,1
18,1	NaN,1
18,16	NaN,1
18,16	1.0,2
18,16	0.8660254037844387,3
18,28	NaN,1
18,28	NaN,2
18,28	NaN,3
18,46	NaN,1
18,46	-1.0,2
18,46	-0.9999999999999998,3
18,46	-0.17407765595569785,4
18,55	NaN,1
18,55	NaN,2
18,58	NaN,1
18,76	NaN,1
18,76	NaN,2
18,79	NaN,1
18,79	NaN,2
19,12	NaN,1
19,12	1.0,2
19,27	NaN,1
19,45	NaN,1
19,48	NaN,1
19,63	NaN,1
19,84	NaN,1
19,90	NaN,1
19,96	NaN,1
19,96	-1.0,2
2,11	NaN,1
2,14	NaN,1
2,20	NaN,1
2,20	NaN,2
2,20	0.9999999999999998,3
2,41	NaN,1
2,50	NaN,1
2,53	NaN,1
2,59	NaN,1
2,59	1.0,2
2,68	NaN,1
2,86	NaN,1
2,92	NaN,1
2,92	1.0,2
20,100	NaN,1
20,38	NaN,1
20,41	NaN,1
20,53	NaN,1
20,59	NaN,1
20,59	1.0,2
20,68	NaN,1
20,92	NaN,1
20,95	NaN,1
21,22	NaN,1
21,37	NaN,1
21,37	1.0,2
21,4	NaN,1
21,43	NaN,1
21,61	NaN,1
21,64	NaN,1
21,7	NaN,1
22,57	NaN,1
23,100	NaN,1
23,2	NaN,1
23,20	NaN,1
23,29	NaN,1
23,29	1.0,2
23,38	NaN,1
23,50	NaN,1
23,50	1.0,2
23,59	NaN,1
23,62	NaN,1
23,68	NaN,1
23,71	NaN,1
23,74	NaN,1
23,86	NaN,1
24,16	NaN,1
24,37	NaN,1
24,55	NaN,1
24,55	1.0,2
24,58	NaN,1
24,67	NaN,1
24,76	NaN,1
24,76	NaN,2
24,79	NaN,1
24,85	NaN,1
24,88	NaN,1
24,91	NaN,1
25,3	NaN,1
25,36	NaN,1
25,45	NaN,1
25,63	NaN,1
25,72	NaN,1
25,96	NaN,1
26,17	NaN,1
26,17	-1.0,2
26,17	0.6546536707079772,3
26,17	-0.08606629658238703,4
26,56	NaN,1
26,68	NaN,1
26,86	NaN,1
27,13	NaN,1
27,25	NaN,1
27,37	NaN,1
27,37	-1.0,2
27,37	-0.8660254037844387,3
27,43	NaN,1
27,43	-1.0,2
27,46	NaN,1
27,64	NaN,1
27,67	NaN,1
27,82	NaN,1
27,88	NaN,1
28,18	NaN,1
28,18	1.0,2
28,18	0.8660254037844387,3
28,24	NaN,1
28,30	NaN,1
28,30	-1.0,2
28,30	0.0,3
28,30	0.2581988897471611,4
28,30	0.08574929257125441,5
28,45	NaN,1
28,45	1.0,2
28,48	NaN,1
28,57	NaN,1
28,57	1.0,2
28,57	0.5000000000000001,3
28,57	0.47809144373375745,4
28,60	NaN,1
28,78	NaN,1
28,78	NaN,2
28,78	NaN,3
28,81	NaN,1
28,81	1.0,2
28,81	0.8660254037844387,3
28,84	NaN,1
28,84	-1.0,2
29,44	NaN,1
29,47	NaN,1
29,68	NaN,1
29,71	NaN,1
29,89	NaN,1
3,10	NaN,1
3,55	NaN,1
3,79	NaN,1
3,97	NaN,1
3,97	-1.0,2
3,97	-0.9999999999999998,3
30,1	NaN,1
30,28	NaN,1
30,28	-1.0,2
30,28	-0.8660254037844387,3
30,28	-0.7071067811865475,4
30,46	NaN,1
30,55	NaN,1
30,55	1.0,2
30,58	NaN,1
30,58	-1.0,2
30,79	NaN,1
30,97	NaN,1
30,97	NaN,2
36,16	NaN,1
36,22	NaN,1
36,76	NaN,1
36,76	1.0,2
37,51	NaN,1
37,63	NaN,1
37,63	NaN,2
37,84	NaN,1
37,87	NaN,1
37,93	NaN,1
37,99	NaN,1
38,2	NaN,1
38,20	NaN,1
38,50	NaN,1
38,56	NaN,1
38,59	NaN,1
38,65	NaN,1
38,65	-1.0,2
38,65	-0.9707253433941511,3
38,68	NaN,1
38,95	NaN,1
38,95	NaN,2
38,95	NaN,3
38,95	0.17407765595569785,4
38,95	0.1336306209562122,5
38,95	0.17149858514250882,6
38,95	0.04999999999999999,7
38,95	0.0,8
38,95	0.0,9
39,46	NaN,1
4,36	NaN,1
4,54	NaN,1
4,72	NaN,1
4,90	NaN,1
40,93	NaN,1
41,100	NaN,1
41,11	NaN,1
41,14	NaN,1
41,53	NaN,1
41,53	1.0,2
41,62	NaN,1
41,62	NaN,2
41,65	NaN,1
41,74	NaN,1
41,92	NaN,1
42,22	NaN,1
42,37	NaN,1
42,4	NaN,1
42,43	NaN,1
42,61	NaN,1
42,64	NaN,1
42,67	NaN,1
42,7	NaN,1
42,97	NaN,1
43,51	NaN,1
43,54	NaN,1
43,63	NaN,1
43,69	NaN,1
43,72	NaN,1
44,17	NaN,1
44,47	NaN,1
44,47	NaN,2
44,47	NaN,3
44,47	NaN,4
44,47	-0.2211629342323457,5
44,5	NaN,1
44,56	NaN,1
44,77	NaN,1
44,77	1.0,2
44,77	0.9958705948858224,3
44,80	NaN,1
44,83	NaN,1
44,83	NaN,2
44,83	NaN,3
45,25	NaN,1
45,46	NaN,1
45,55	NaN,1
45,55	NaN,2
45,58	NaN,1
45,70	NaN,1
45,76	NaN,1
45,76	NaN,2
45,79	NaN,1
45,79	1.0,2
45,88	NaN,1
45,94	NaN,1
46,18	NaN,1
46,18	NaN,2
46,18	NaN,3
46,30	NaN,1
46,30	-1.0,2
46,30	-0.9999999999999998,3
46,30	0.0,4
46,63	NaN,1
46,63	NaN,2
46,78	NaN,1
46,81	NaN,1
47,44	NaN,1
47,44	NaN,2
47,44	NaN,3
47,56	NaN,1
47,71	NaN,1
48,16	NaN,1
48,28	NaN,1
48,46	NaN,1
48,46	NaN,2
48,46	NaN,3
48,46	NaN,4
48,52	NaN,1
48,52	1.0,2
48,55	NaN,1
48,55	NaN,2
48,58	NaN,1
48,58	NaN,2
48,67	NaN,1
48,76	NaN,1
48,76	NaN,2
49,27	NaN,1
49,36	NaN,1
49,57	NaN,1
49,63	NaN,1
49,75	NaN,1
5,29	NaN,1
5,68	NaN,1
5,86	NaN,1
5,89	NaN,1
50,20	NaN,1
50,29	NaN,1
50,29	1.0,2
50,29	0.9999999999999998,3
50,47	NaN,1
50,47	-1.0,2
50,5	NaN,1
50,59	NaN,1
50,68	NaN,1
50,68	-1.0,2
50,89	NaN,1
51,22	NaN,1
51,4	NaN,1
52,18	NaN,1
52,18	1.0,2
52,3	NaN,1
52,30	NaN,1
52,30	NaN,2
52,78	NaN,1
52,81	NaN,1
53,41	NaN,1
53,41	1.0,2
54,22	NaN,1
54,4	NaN,1
54,82	NaN,1
54,82	1.0,2
54,82	0.8660254037844388,3
54,85	NaN,1
55,12	NaN,1
55,18	NaN,1
55,18	NaN,2
55,18	NaN,3
55,24	NaN,1
55,24	NaN,2
55,30	NaN,1
55,42	NaN,1
55,45	NaN,1
55,45	1.0,2
55,48	NaN,1
55,57	NaN,1
55,78	NaN,1
55,78	1.0,2
55,78	0.8660254037844387,3
55,78	0.2357022603955158,4
55,81	NaN,1
55,84	NaN,1
55,9	NaN,1
55,90	NaN,1
55,96	NaN,1
56,26	NaN,1
56,47	NaN,1
56,5	NaN,1
56,62	NaN,1
56,65	NaN,1
56,8	NaN,1
56,80	NaN,1
56,86	NaN,1
56,95	NaN,1
56,95	-1.0,2
57,16	NaN,1
57,16	1.0,2
57,25	NaN,1
57,28	NaN,1
57,43	NaN,1
57,46	NaN,1
57,55	NaN,1
57,55	NaN,2
57,58	NaN,1
57,58	NaN,2
57,67	NaN,1
57,76	NaN,1
57,79	NaN,1
57,97	NaN,1
58,12	NaN,1
58,18	NaN,1
58,18	1.0,2
58,18	0.9707253433941511,3
58,24	NaN,1
58,27	NaN,1
58,30	NaN,1
58,30	NaN,2
58,48	NaN,1
58,57	NaN,1
58,57	-1.0,2
58,78	NaN,1
58,78	1.0,2
58,78	0.960768922830523,3
58,78	0.965581028730576,4
58,78	0.9456108576893003,5
58,81	NaN,1
58,90	NaN,1
59,100	NaN,1
59,2	NaN,1
59,20	NaN,1
59,41	NaN,1
59,53	NaN,1
59,68	NaN,1
59,71	NaN,1
59,74	NaN,1
6,10	NaN,1
6,22	NaN,1
6,22	NaN,2
6,49	NaN,1
6,52	NaN,1
6,79	NaN,1
60,13	NaN,1
60,22	NaN,1
60,37	NaN,1
60,4	NaN,1
60,43	NaN,1
60,43	1.0,2
60,82	NaN,1
61,15	NaN,1
61,15	NaN,2
61,39	NaN,1
61,51	NaN,1
61,54	NaN,1
61,60	NaN,1
61,63	NaN,1
61,66	NaN,1
61,69	NaN,1
61,72	NaN,1
61,75	NaN,1
61,87	NaN,1
61,93	NaN,1
62,14	NaN,1
62,65	NaN,1
62,71	NaN,1
63,22	NaN,1
63,28	NaN,1
63,37	NaN,1
63,4	NaN,1
63,43	NaN,1
63,43	1.0,2
63,43	0.9999999999999998,3
63,58	NaN,1
63,82	NaN,1
63,82	NaN,2
63,88	NaN,1
64,87	NaN,1
64,9	NaN,1
65,38	NaN,1
65,38	-1.0,2
65,38	0.0,3
65,95	NaN,1
65,95	NaN,2
66,22	NaN,1
66,25	NaN,1
66,4	NaN,1
66,43	NaN,1
66,7	NaN,1
66,76	NaN,1
66,88	NaN,1
67,21	NaN,1
67,36	NaN,1
67,39	NaN,1
67,42	NaN,1
67,60	NaN,1
67,90	NaN,1
68,44	NaN,1
68,89	NaN,1
69,22	NaN,1
69,4	NaN,1
69,43	NaN,1
69,76	NaN,1
69,91	NaN,1
69,91	1.0,2
69,91	1.0000000000000002,3
7,27	NaN,1
7,51	NaN,1
7,54	NaN,1
7,60	NaN,1
7,63	NaN,1
7,63	1.0,2
7,69	NaN,1
7,72	NaN,1
7,78	NaN,1
7,87	NaN,1
7,9	NaN,1
7,99	NaN,1
70,6	NaN,1
70,9	NaN,1
71,100	NaN,1
71,2	NaN,1
71,20	NaN,1
71,38	NaN,1
71,47	NaN,1
71,50	NaN,1
71,56	NaN,1
71,59	NaN,1
71,68	NaN,1
71,74	NaN,1
71,8	NaN,1
71,80	NaN,1
72,1	NaN,1
72,10	NaN,1
72,10	1.0,2
72,22	NaN,1
72,37	NaN,1
72,43	NaN,1
72,49	NaN,1
72,94	NaN,1
73,12	NaN,1
73,15	NaN,1
73,24	NaN,1
73,27	NaN,1
73,36	NaN,1
73,45	NaN,1
73,63	NaN,1
73,63	1.0,2
73,78	NaN,1
73,90	NaN,1
73,90	NaN,2
73,99	NaN,1
74,11	NaN,1
74,14	NaN,1
74,2	NaN,1
74,2	1.0,2
74,20	NaN,1
74,38	NaN,1
74,50	NaN,1
74,59	NaN,1
74,62	NaN,1
74,68	NaN,1
74,92	NaN,1
75,22	NaN,1
75,22	1.0,2
75,4	NaN,1
75,43	NaN,1
75,7	NaN,1
76,12	NaN,1
76,45	NaN,1
76,48	NaN,1
76,63	NaN,1
76,78	NaN,1
76,81	NaN,1
76,81	NaN,2
76,84	NaN,1
76,93	NaN,1
77,26	NaN,1
77,26	NaN,2
77,26	NaN,3
77,44	NaN,1
77,44	-1.0,2
77,47	NaN,1
77,83	NaN,1
77,83	NaN,2
77,83	0.4999999999999999,3
77,83	-0.30151134457776363,4
77,83	-0.10206207261596577,5
77,83	-0.03448275862068966,6
77,89	NaN,1
78,16	NaN,1
78,16	NaN,2
78,16	0.8660254037844387,3
78,28	NaN,1
78,28	1.0,2
78,46	NaN,1
78,46	-1.0,2
78,46	-0.5,3
78,46	-0.13245323570650436,4
78,46	-0.10090091909944687,5
78,46	-0.15309310892394862,6
78,46	-0.11180339887498948,7
78,46	-0.10721125348377948,8
78,46	0.0,9
78,52	NaN,1
78,55	NaN,1
78,58	NaN,1
78,58	NaN,2
78,58	0.4999999999999999,3
78,58	-0.32444284226152503,4
78,76	NaN,1
78,79	NaN,1
79,12	NaN,1
79,12	NaN,2
79,18	NaN,1
79,18	NaN,2
79,18	NaN,3
79,18	NaN,4
79,24	NaN,1
79,30	NaN,1
79,36	NaN,1
79,48	NaN,1
79,57	NaN,1
79,78	NaN,1
79,78	-1.0,2
79,78	-0.9707253433941511,3
79,78	-0.457495710997814,4
79,90	NaN,1
8,44	NaN,1
8,47	NaN,1
8,68	NaN,1
8,77	NaN,1
8,83	NaN,1
80,14	NaN,1
80,41	NaN,1
80,47	NaN,1
80,62	NaN,1
80,65	NaN,1
80,83	NaN,1
80,83	-1.0,2
81,1	NaN,1
81,13	NaN,1
81,46	NaN,1
81,46	NaN,2
81,55	NaN,1
81,58	NaN,1
81,73	NaN,1
81,79	NaN,1
82,12	NaN,1
82,12	NaN,2
82,21	NaN,1
82,21	1.0,2
82,24	NaN,1
82,27	NaN,1
82,42	NaN,1
82,51	NaN,1
82,54	NaN,1
82,54	1.0,2
82,54	0.8660254037844387,3
82,60	NaN,1
82,63	NaN,1
82,63	1.0,2
82,63	1.0,3
82,63	0.9622504486493763,4
82,63	0.9132886235138467,5
82,63	0.9145520925315939,6
82,63	0.8858942445011093,7
82,63	0.8718127501157388,8
82,66	NaN,1
82,69	NaN,1
82,72	NaN,1
82,75	NaN,1
82,75	1.0,2
82,87	NaN,1
82,90	NaN,1
82,90	NaN,2
82,93	NaN,1
82,93	NaN,2
82,99	NaN,1
83,2	NaN,1
83,29	NaN,1
83,38	NaN,1
83,44	NaN,1
83,44	NaN,2
83,44	-0.4999999999999999,3
83,44	-0.5773502691896258,4
83,44	-0.6123724356957946,5
83,47	NaN,1
83,47	-1.0,2
83,47	-0.8660254037844387,3
83,47	-0.7745966692414834,4
83,56	NaN,1
83,62	NaN,1
83,77	NaN,1
83,77	NaN,2
83,8	NaN,1
83,89	NaN,1
84,10	NaN,1
84,22	NaN,1
84,25	NaN,1
84,28	NaN,1
84,37	NaN,1
84,43	NaN,1
84,43	NaN,2
84,7	NaN,1
84,73	NaN,1
84,73	NaN,2
84,76	NaN,1
84,76	1.0,2
84,76	1.0,3
84,88	NaN,1
84,88	1.0,2
84,88	0.9449111825230682,3
84,91	NaN,1
84,94	NaN,1
85,96	NaN,1
86,100	NaN,1
86,100	NaN,2
86,100	1.0,3
86,2	NaN,1
86,20	NaN,1
86,20	NaN,2
86,38	NaN,1
86,41	NaN,1
86,50	NaN,1
86,53	NaN,1
86,59	NaN,1
86,59	NaN,2
86,68	NaN,1
86,71	NaN,1
86,74	NaN,1
86,89	NaN,1
87,22	NaN,1
87,37	NaN,1
87,4	NaN,1
87,43	NaN,1
87,64	NaN,1
87,67	NaN,1
87,7	NaN,1
88,24	NaN,1
88,24	-1.0,2
88,36	NaN,1
88,48	NaN,1
88,63	NaN,1
88,90	NaN,1
88,93	NaN,1
89,26	NaN,1
89,41	NaN,1
89,44	NaN,1
89,47	NaN,1
89,47	NaN,2
89,47	NaN,3
89,77	NaN,1
9,1	NaN,1
9,13	NaN,1
9,37	NaN,1
9,37	1.0,2
9,43	NaN,1
9,43	1.0,2
9,49	NaN,1
9,64	NaN,1
9,67	NaN,1
9,82	NaN,1
9,94	NaN,1
90,55	NaN,1
90,58	NaN,1
90,73	NaN,1
90,76	NaN,1
90,76	-1.0,2
90,79	NaN,1
90,82	NaN,1
91,69	NaN,1
91,69	NaN,2
91,69	1.0,3
91,69	1.0,4
91,69	0.9630868246861536,5
92,100	NaN,1
92,11	NaN,1
92,14	NaN,1
92,2	NaN,1
92,20	NaN,1
92,23	NaN,1
92,41	NaN,1
92,5	NaN,1
92,5	NaN,2
92,53	NaN,1
92,59	NaN,1
92,86	NaN,1
93,22	NaN,1
93,4	NaN,1
93,4	NaN,2
93,43	NaN,1
93,7	NaN,1
93,85	NaN,1
93,88	NaN,1
94,15	NaN,1
94,27	NaN,1
94,63	NaN,1
94,99	NaN,1
95,38	NaN,1
95,38	1.0,2
95,38	0.2773500981126146,3
95,38	-0.2964324305999625,4
95,38	-0.19920476822239894,5
95,38	0.026938622922018266,6
95,56	NaN,1
95,65	NaN,1
95,65	-1.0,2
95,83	NaN,1
96,1	NaN,1
96,10	NaN,1
96,19	NaN,1
96,25	NaN,1
96,79	NaN,1
97,18	NaN,1
97,18	1.0,2
97,18	0.5,3
97,21	NaN,1
97,3	NaN,1
97,30	NaN,1
97,30	NaN,2
97,45	NaN,1
97,45	NaN,2
98,14	NaN,1
99,22	NaN,1
99,22	1.0,2
99,25	NaN,1
99,4	NaN,1
99,4	1.0,2
99,43	NaN,1
99,43	NaN,2
99,43	NaN,3
99,61	NaN,1
99,67	NaN,1
99,7	NaN,1
99,7	NaN,2
99,73	NaN,1
99,88	NaN,1
99,88	1.0,2
1,37	NaN,1
1,43	NaN,1
1,49	NaN,1
1,49	NaN,2
1,73	NaN,1
1,76	NaN,1
1,82	NaN,1
1,85	NaN,1
1,88	NaN,1
10,1	NaN,1
10,25	NaN,1
10,37	NaN,1
10,37	1.0,2
10,43	NaN,1
10,70	NaN,1
10,88	NaN,1
100,27	NaN,1
100,4	NaN,1
100,60	NaN,1
100,63	NaN,1
100,66	NaN,1
100,7	NaN,1
100,7	NaN,2
100,7	0.4999999999999999,3
100,72	NaN,1
100,87	NaN,1
100,99	NaN,1
100,99	NaN,2
100,99	0.8660254037844387,3
100,99	0.9045340337332909,4
11,36	NaN,1
11,51	NaN,1
11,54	NaN,1
11,60	NaN,1
11,63	NaN,1
11,69	NaN,1
11,72	NaN,1
11,72	NaN,2
11,75	NaN,1
11,90	NaN,1
12,23	NaN,1
12,29	NaN,1
12,47	NaN,1
12,47	NaN,2
12,47	NaN,3
12,50	NaN,1
12,80	NaN,1
12,83	NaN,1
13,37	NaN,1
13,43	NaN,1
13,67	NaN,1
14,21	NaN,1
14,36	NaN,1
14,42	NaN,1
14,51	NaN,1
14,54	NaN,1
14,60	NaN,1
14,63	NaN,1
14,69	NaN,1
14,69	NaN,2
14,72	NaN,1
14,81	NaN,1
14,9	NaN,1
14,90	NaN,1
15,50	NaN,1
16,46	NaN,1
16,46	NaN,2
16,46	NaN,3
16,55	NaN,1
16,55	NaN,2
16,55	NaN,3
16,55	0.33333333333333337,4
16,55	0.6454972243679029,5
16,55	0.3872983346207417,6
16,58	NaN,1
16,58	NaN,2
16,58	NaN,3
16,76	NaN,1
16,76	NaN,2
16,76	NaN,3
16,79	NaN,1
17,18	NaN,1
17,57	NaN,1
17,81	NaN,1
17,84	NaN,1
18,26	NaN,1
18,44	NaN,1
18,47	NaN,1
18,53	NaN,1
18,68	NaN,1
18,77	NaN,1
18,77	NaN,2
18,77	NaN,3
18,77	0.5773502691896258,4
18,77	0.6454972243679029,5
18,8	NaN,1
18,83	NaN,1
18,83	1.0,2
18,89	NaN,1
19,1	NaN,1
19,88	NaN,1
2,21	NaN,1
2,27	NaN,1
2,42	NaN,1
2,51	NaN,1
2,54	NaN,1
2,60	NaN,1
2,63	NaN,1
2,63	1.0,2
2,66	NaN,1
2,69	NaN,1
2,72	NaN,1
2,75	NaN,1
2,87	NaN,1
2,93	NaN,1
2,93	NaN,2
2,99	NaN,1
2,99	NaN,2
20,27	NaN,1
20,39	NaN,1
20,51	NaN,1
20,54	NaN,1
20,60	NaN,1
20,63	NaN,1
20,63	1.0,2
20,69	NaN,1
20,72	NaN,1
20,72	NaN,2
20,93	NaN,1
20,99	NaN,1
21,100	NaN,1
21,11	NaN,1
21,14	NaN,1
21,20	NaN,1
21,41	NaN,1
21,53	NaN,1
21,59	NaN,1
21,65	NaN,1
21,80	NaN,1
21,86	NaN,1
23,12	NaN,1
23,27	NaN,1
23,36	NaN,1
23,63	NaN,1
23,63	1.0,2
23,84	NaN,1
23,96	NaN,1
23,99	NaN,1
24,17	NaN,1
24,23	NaN,1
24,29	NaN,1
24,47	NaN,1
24,5	NaN,1
24,5	1.0,2
24,53	NaN,1
24,77	NaN,1
24,86	NaN,1
24,95	NaN,1
25,10	NaN,1
25,37	NaN,1
25,43	NaN,1
25,76	NaN,1
26,24	NaN,1
26,30	NaN,1
26,48	NaN,1
26,78	NaN,1
26,78	NaN,2
27,14	NaN,1
27,2	NaN,1
27,23	NaN,1
27,23	1.0,2
27,53	NaN,1
27,59	NaN,1
27,62	NaN,1
27,65	NaN,1
27,68	NaN,1
27,92	NaN,1
28,1	NaN,1
28,16	NaN,1
28,25	NaN,1
28,46	NaN,1
28,46	1.0,2
28,46	0.9999999999999998,3
28,46	0.8164965809277259,4
28,46	0.0,5
28,58	NaN,1
28,58	NaN,2
28,58	NaN,3
28,58	NaN,4
28,58	NaN,5
28,79	NaN,1
28,79	NaN,2
28,88	NaN,1
28,97	NaN,1
28,97	NaN,2
29,45	NaN,1
29,45	NaN,2
29,63	NaN,1
3,26	NaN,1
3,29	NaN,1
3,44	NaN,1
3,56	NaN,1
3,62	NaN,1
3,71	NaN,1
3,89	NaN,1
3,89	1.0,2
30,26	NaN,1
30,44	NaN,1
30,44	NaN,2
30,5	NaN,1
30,77	NaN,1
30,77	1.0,2
30,77	0.8660254037844387,3
30,8	NaN,1
36,23	NaN,1
36,47	NaN,1
36,68	NaN,1
37,25	NaN,1
37,28	NaN,1
37,43	NaN,1
37,43	1.0,2
37,58	NaN,1
37,64	NaN,1
37,88	NaN,1
37,88	1.0,2
37,91	NaN,1
38,24	NaN,1
38,27	NaN,1
38,39	NaN,1
38,39	NaN,2
38,39	NaN,3
38,39	0.5773502691896257,4
38,39	0.408248290463863,5
38,39	0.17149858514250882,6
38,39	0.06666666666666665,7
38,39	0.1111111111111111,8
38,39	0.12098347962395682,9
38,39	0.1638463841038081,10
38,6	NaN,1
38,63	NaN,1
38,99	NaN,1
39,38	NaN,1
39,38	NaN,2
39,38	0.0,3
39,38	-0.45454545454545453,4
39,38	-0.53125,5
39,56	NaN,1
39,65	NaN,1
39,65	-1.0,2
39,83	NaN,1
39,95	NaN,1
39,95	-1.0,2
39,95	0.0,3
39,95	0.0,4
39,95	-0.2004459314343183,5
39,95	-0.29277002188455997,6
39,95	-0.5285941398709244,7
39,95	-0.19042088613053396,8
39,95	-0.253546276418555,9
39,95	-0.2970093226749325,10
4,22	NaN,1
4,67	NaN,1
4,70	NaN,1
4,73	NaN,1
40,1	NaN,1
40,82	NaN,1
40,85	NaN,1
41,21	NaN,1
41,27	NaN,1
41,27	-1.0,2
41,42	NaN,1
41,60	NaN,1
41,72	NaN,1
41,87	NaN,1
41,87	NaN,2
41,9	NaN,1
41,9	NaN,2
41,9	NaN,3
41,9	0.5222329678670935,4
41,9	0.5345224838248488,5
42,100	NaN,1
42,11	NaN,1
42,11	1.0,2
42,14	NaN,1
42,20	NaN,1
42,41	NaN,1
42,53	NaN,1
42,59	NaN,1
42,65	NaN,1
42,86	NaN,1
43,1	NaN,1
43,22	NaN,1
43,4	NaN,1
43,49	NaN,1
43,64	NaN,1
43,67	NaN,1
43,7	NaN,1
44,18	NaN,1
44,18	1.0,2
44,18	0.8660254037844387,3
44,18	0.21566554640687682,4
44,18	0.2151657414559676,5
44,24	NaN,1
44,3	NaN,1
44,30	NaN,1
44,30	1.0,2
44,30	0.4999999999999999,3
44,45	NaN,1
44,45	NaN,2
44,48	NaN,1
44,57	NaN,1
44,78	NaN,1
44,81	NaN,1
44,81	NaN,2
45,17	NaN,1
45,26	NaN,1
45,38	NaN,1
45,44	NaN,1
45,44	1.0,2
45,47	NaN,1
45,47	-1.0,2
45,59	NaN,1
45,65	NaN,1
45,71	NaN,1
45,77	NaN,1
45,77	NaN,2
45,77	0.8660254037844387,3
45,8	NaN,1
45,83	NaN,1
45,95	NaN,1
45,95	-1.0,2
46,16	NaN,1
46,28	NaN,1
46,28	1.0,2
46,28	0.8660254037844387,3
46,28	0.7071067811865475,4
46,37	NaN,1
46,52	NaN,1
46,55	NaN,1
46,58	NaN,1
46,58	-1.0,2
46,58	-1.0,3
46,76	NaN,1
46,79	NaN,1
46,79	NaN,2
46,79	NaN,3
46,88	NaN,1
46,97	NaN,1
47,12	NaN,1
47,12	NaN,2
47,18	NaN,1
47,18	1.0,2
47,21	NaN,1
47,24	NaN,1
47,3	NaN,1
47,30	NaN,1
47,45	NaN,1
47,45	NaN,2
47,48	NaN,1
47,57	NaN,1
47,57	1.0,2
47,84	NaN,1
47,90	NaN,1
47,90	-1.0,2
48,2	NaN,1
48,44	NaN,1
48,47	NaN,1
48,5	NaN,1
48,68	NaN,1
48,77	NaN,1
48,77	NaN,2
48,77	NaN,3
48,83	NaN,1
48,83	NaN,2
49,10	NaN,1
5,18	NaN,1
5,81	NaN,1
50,12	NaN,1
50,12	NaN,2
50,24	NaN,1
50,27	NaN,1
50,54	NaN,1
50,54	NaN,2
50,63	NaN,1
50,63	NaN,2
50,63	0.8660254037844387,3
50,63	0.9233805168766386,4
50,63	0.8951435925492911,5
50,63	0.8971499589146108,6
50,63	0.9080304129098491,7
50,63	0.9036961141150639,8
50,63	0.9003675719981714,9
50,66	NaN,1
50,78	NaN,1
50,90	NaN,1
50,99	NaN,1
50,99	NaN,2
51,100	NaN,1
51,41	NaN,1
51,53	NaN,1
52,25	NaN,1
52,28	NaN,1
52,46	NaN,1
52,55	NaN,1
52,79	NaN,1
52,97	NaN,1
53,72	NaN,1
53,87	NaN,1
53,9	NaN,1
53,9	1.0,2
54,100	NaN,1
54,41	NaN,1
54,50	NaN,1
54,50	NaN,2
54,53	NaN,1
55,16	NaN,1
55,16	NaN,2
55,16	NaN,3
55,16	0.5555555555555556,4
55,16	0.5144957554275265,5
55,28	NaN,1
55,46	NaN,1
55,46	-1.0,2
55,46	0.5000000000000001,3
55,46	0.674199862463242,4
55,58	NaN,1
55,58	-1.0,2
55,58	-0.4999999999999999,3
55,58	-0.42640143271122083,4
55,67	NaN,1
55,76	NaN,1
55,76	1.0,2
55,79	NaN,1
55,79	NaN,2
55,79	0.4999999999999999,3
55,79	0.7071067811865475,4
55,97	NaN,1
56,39	NaN,1
56,39	-1.0,2
56,45	NaN,1
56,81	NaN,1
57,17	NaN,1
57,29	NaN,1
57,44	NaN,1
57,44	-1.0,2
57,47	NaN,1
57,47	NaN,2
57,53	NaN,1
57,68	NaN,1
57,68	1.0,2
57,71	NaN,1
57,74	NaN,1
58,16	NaN,1
58,16	1.0,2
58,16	0.8660254037844387,3
58,16	0.8703882797784892,4
58,16	0.6634034720037775,5
58,28	NaN,1
58,28	1.0,2
58,28	0.9999999999999998,3
58,28	1.0,4
58,46	NaN,1
58,46	NaN,2
58,46	-0.4999999999999999,3
58,46	0.0,4
58,46	-0.1336306209562122,5
58,46	-0.43301270189221935,6
58,46	-0.4291975376394761,7
58,46	-0.41256849850351734,8
58,46	-0.43082021842766455,9
58,46	-0.412563279783776,10
58,55	NaN,1
58,76	NaN,1
58,76	NaN,2
58,79	NaN,1
58,79	-1.0,2
58,88	NaN,1
59,51	NaN,1
59,54	NaN,1
59,63	NaN,1
59,63	1.0,2
59,72	NaN,1
59,93	NaN,1
59,96	NaN,1
59,99	NaN,1
59,99	1.0,2
59,99	0.944911182523068,3
6,17	NaN,1
6,29	NaN,1
6,5	NaN,1
6,71	NaN,1
6,74	NaN,1
6,89	NaN,1
6,95	NaN,1
60,100	NaN,1
60,41	NaN,1
60,53	NaN,1
60,53	1.0,2
60,59	NaN,1
61,22	NaN,1
61,4	NaN,1
61,4	1.0,2
61,43	NaN,1
61,7	NaN,1
62,21	NaN,1
62,21	1.0,2
62,42	NaN,1
62,60	NaN,1
62,66	NaN,1
62,93	NaN,1
63,100	NaN,1
63,14	NaN,1
63,29	NaN,1
63,41	NaN,1
63,50	NaN,1
63,53	NaN,1
63,62	NaN,1
63,68	NaN,1
63,80	NaN,1
64,22	NaN,1
65,24	NaN,1
65,39	NaN,1
65,39	1.0,2
65,39	0.8660254037844387,3
65,39	0.8164965809277259,4
65,39	0.7905694150420948,5
65,93	NaN,1
66,100	NaN,1
66,11	NaN,1
66,14	NaN,1
66,20	NaN,1
66,29	NaN,1
66,41	NaN,1
66,41	1.0,2
66,5	NaN,1
66,53	NaN,1
66,59	NaN,1
66,68	NaN,1
66,86	NaN,1
66,89	NaN,1
67,1	NaN,1
67,37	NaN,1
67,37	1.0,2
67,64	NaN,1
67,73	NaN,1
68,48	NaN,1
68,9	NaN,1
69,100	NaN,1
69,14	NaN,1
69,2	NaN,1
69,41	NaN,1
69,53	NaN,1
69,59	NaN,1
69,92	NaN,1
69,92	1.0,2
69,92	0.8660254037844388,3
69,92	0.8783100656536799,4
69,98	NaN,1
7,10	NaN,1
7,100	NaN,1
7,100	1.0,2
7,100	0.9999999999999998,3
7,22	NaN,1
7,25	NaN,1
7,37	NaN,1
7,4	NaN,1
7,43	NaN,1
7,43	1.0,2
7,46	NaN,1
7,58	NaN,1
7,64	NaN,1
7,64	1.0,2
7,88	NaN,1
7,88	1.0,2
71,27	NaN,1
71,3	NaN,1
71,45	NaN,1
71,6	NaN,1
71,63	NaN,1
71,96	NaN,1
71,99	NaN,1
72,41	NaN,1
72,50	NaN,1
72,56	NaN,1
72,59	NaN,1
72,62	NaN,1
72,71	NaN,1
72,74	NaN,1
73,10	NaN,1
73,19	NaN,1
73,25	NaN,1
73,37	NaN,1
73,43	NaN,1
73,7	NaN,1
73,76	NaN,1
73,79	NaN,1
73,82	NaN,1
73,88	NaN,1
73,88	1.0,2
73,94	NaN,1
74,12	NaN,1
74,24	NaN,1
74,27	NaN,1
74,36	NaN,1
74,57	NaN,1
74,6	NaN,1
74,63	NaN,1
74,84	NaN,1
74,9	NaN,1
74,90	NaN,1
74,93	NaN,1
74,99	NaN,1
75,100	NaN,1
75,11	NaN,1
75,14	NaN,1
75,20	NaN,1
75,41	NaN,1
75,53	NaN,1
75,59	NaN,1
75,65	NaN,1
75,86	NaN,1
76,16	NaN,1
76,19	NaN,1
76,55	NaN,1
76,73	NaN,1
76,88	NaN,1
77,18	NaN,1
77,18	NaN,2
77,18	0.4999999999999999,3
77,24	NaN,1
77,27	NaN,1
77,3	NaN,1
77,30	NaN,1
77,30	-1.0,2
77,30	0.0,3
77,30	0.17407765595569785,4
77,30	0.1336306209562122,5
77,30	-0.3692744729379982,6
77,48	NaN,1
77,57	NaN,1
77,57	1.0,2
77,78	NaN,1
77,78	1.0,2
77,78	0.8660254037844388,3
77,78	0.8164965809277259,4
77,78	0.6784005252999682,5
77,78	0.7661308776828738,6
77,81	NaN,1
78,14	NaN,1
78,17	NaN,1
78,44	NaN,1
78,44	NaN,2
78,47	NaN,1
78,47	1.0,2
78,53	NaN,1
78,62	NaN,1
78,77	NaN,1
78,77	NaN,2
78,83	NaN,1
78,83	-1.0,2
78,83	-1.0,3
78,89	NaN,1
79,46	NaN,1
79,46	NaN,2
79,46	-0.4999999999999999,3
79,52	NaN,1
79,55	NaN,1
79,55	NaN,2
79,58	NaN,1
79,58	NaN,2
79,76	NaN,1
79,76	NaN,2
79,82	NaN,1
79,97	NaN,1
8,18	NaN,1
8,18	1.0,2
8,18	0.0,3
8,24	NaN,1
8,3	NaN,1
8,48	NaN,1
8,57	NaN,1
8,57	-1.0,2
8,57	0.0,3
8,57	0.0,4
8,84	NaN,1
80,12	NaN,1
80,21	NaN,1
80,21	1.0,2
80,24	NaN,1
80,27	NaN,1
80,42	NaN,1
80,54	NaN,1
80,54	NaN,2
80,6	NaN,1
80,66	NaN,1
80,75	NaN,1
80,81	NaN,1
80,87	NaN,1
80,9	NaN,1
80,9	NaN,2
80,90	NaN,1
81,11	NaN,1
81,14	NaN,1
81,47	NaN,1
81,47	-1.0,2
81,5	NaN,1
81,62	NaN,1
81,71	NaN,1
81,77	NaN,1
81,83	NaN,1
81,83	NaN,2
81,89	NaN,1
82,10	NaN,1
82,13	NaN,1
82,22	NaN,1
82,37	NaN,1
82,4	NaN,1
82,43	NaN,1
82,43	NaN,2
82,49	NaN,1
82,58	NaN,1
82,61	NaN,1
82,7	NaN,1
82,85	NaN,1
83,18	NaN,1
83,18	NaN,2
83,3	NaN,1
83,3	NaN,2
83,30	NaN,1
83,30	NaN,2
83,39	NaN,1
83,45	NaN,1
83,48	NaN,1
83,57	NaN,1
83,78	NaN,1
83,78	NaN,2
84,100	NaN,1
84,17	NaN,1
84,2	NaN,1
84,20	NaN,1
84,23	NaN,1
84,29	NaN,1
84,38	NaN,1
84,44	NaN,1
84,47	NaN,1
84,47	-1.0,2
84,5	NaN,1
84,50	NaN,1
84,59	NaN,1
84,68	NaN,1
84,71	NaN,1
84,74	NaN,1
84,77	NaN,1
84,86	NaN,1
86,27	NaN,1
86,42	NaN,1
86,48	NaN,1
86,51	NaN,1
86,54	NaN,1
86,60	NaN,1
86,63	NaN,1
86,63	NaN,2
86,69	NaN,1
86,72	NaN,1
86,99	NaN,1
87,100	NaN,1
87,11	NaN,1
87,14	NaN,1
87,14	NaN,2
87,14	0.9999999999999998,3
87,20	NaN,1
87,20	NaN,2
87,41	NaN,1
87,53	NaN,1
87,59	NaN,1
87,62	NaN,1
87,65	NaN,1
87,86	NaN,1
88,25	NaN,1
88,25	NaN,2
88,37	NaN,1
88,37	NaN,2
88,4	NaN,1
88,43	NaN,1
88,67	NaN,1
88,73	NaN,1
88,73	-1.0,2
88,76	NaN,1
88,76	1.0,2
88,85	NaN,1
89,12	NaN,1
89,12	NaN,2
89,78	NaN,1
89,90	NaN,1
89,90	NaN,2
89,96	NaN,1
9,41	NaN,1
9,53	NaN,1
9,62	NaN,1
9,62	-1.0,2
9,65	NaN,1
90,29	NaN,1
90,47	NaN,1
90,47	NaN,2
90,47	0.8660254037844387,3
90,80	NaN,1
90,83	NaN,1
90,89	NaN,1
91,28	NaN,1
91,76	NaN,1
91,88	NaN,1
92,21	NaN,1
92,42	NaN,1
92,51	NaN,1
92,54	NaN,1
92,60	NaN,1
92,63	NaN,1
92,66	NaN,1
92,69	NaN,1
92,69	1.0,2
92,72	NaN,1
92,75	NaN,1
92,87	NaN,1
92,93	NaN,1
92,99	NaN,1
93,100	NaN,1
93,11	NaN,1
93,14	NaN,1
93,20	NaN,1
93,41	NaN,1
93,5	NaN,1
93,53	NaN,1
93,56	NaN,1
93,59	NaN,1
93,62	NaN,1
93,68	NaN,1
93,80	NaN,1
93,86	NaN,1
94,1	NaN,1
94,10	NaN,1
94,25	NaN,1
94,37	NaN,1
94,43	NaN,1
94,43	1.0,2
94,49	NaN,1
94,7	NaN,1
94,88	NaN,1
95,39	NaN,1
95,39	1.0,2
95,39	0.0,3
95,39	-0.09759000729485333,4
95,39	0.14433756729740646,5
95,39	0.14383899044561524,6
95,39	0.1573778950729267,7
95,39	0.16694514082354445,8
95,39	0.31819805153394637,9
95,39	0.3289369131229839,10
95,39	0.32592353905865973,11
96,29	NaN,1
96,47	NaN,1
96,50	NaN,1
96,71	NaN,1
96,74	NaN,1
96,89	NaN,1
97,19	NaN,1
97,28	NaN,1
97,46	NaN,1
97,52	NaN,1
97,58	NaN,1
97,58	NaN,2
97,79	NaN,1
97,88	NaN,1
99,100	NaN,1
99,11	NaN,1
99,11	1.0,2
99,14	NaN,1
99,14	1.0,2
99,2	NaN,1
99,20	NaN,1
99,20	NaN,2
99,41	NaN,1
99,53	NaN,1
99,59	NaN,1
99,59	1.0,2
99,59	0.4999999999999999,3
99,68	NaN,1
99,74	NaN,1
99,86	NaN,1
